%YAML:1.0
---
aruco_bc_dict: CUSTOM
aruco_bc_nmarkers: 48
aruco_bc_mInfoType: 1
aruco_bc_markers:
   - { id:0, corners:[ [ -4.4598925858736038e-02, 4.4599700719118118e-02,
       1.4305114746093750e-06 ], [ 4.4601071625947952e-02,
       4.4599700719118118e-02, 1.4305114746093750e-06 ], [
       4.4601071625947952e-02, -4.4600296765565872e-02,
       1.4305114746093750e-06 ], [ -4.4598925858736038e-02,
       -4.4600296765565872e-02, 1.4305114746093750e-06 ] ] }
   - { id:1, corners:[ [ -4.1170768439769745e-02,
       -8.1161350011825562e-02, -1.0401819832623005e-02 ], [
       4.5835778117179871e-02, -7.9563260078430176e-02,
       9.1927256435155869e-03 ], [ 4.8399798572063446e-02,
       -1.6863112151622772e-01, 5.0718225538730621e-03 ], [
       -3.8606747984886169e-02, -1.7022921144962311e-01,
       -1.4522721990942955e-02 ] ] }
   - { id:2, corners:[ [ 1.8788161873817444e-01, 4.3643653392791748e-02,
       4.7331966459751129e-02 ], [ 2.7557897567749023e-01,
       4.5849300920963287e-02, 6.3485994935035706e-02 ], [
       2.7783319354057312e-01, -4.3322190642356873e-02,
       6.3423529267311096e-02 ], [ 1.9013585150241852e-01,
       -4.5527838170528412e-02, 4.7269500792026520e-02 ] ] }
   - { id:3, corners:[ [ 1.9193910062313080e-01, -8.1440657377243042e-02,
       4.5247148722410202e-02 ], [ 2.7925258874893188e-01,
       -7.9372070729732513e-02, 6.3377588987350464e-02 ], [
       2.8171145915985107e-01, -1.6852253675460815e-01,
       6.1707776039838791e-02 ], [ 1.9439794123172760e-01,
       -1.7059111595153809e-01, 4.3577335774898529e-02 ] ] }
   - { id:4, corners:[ [ 8.0607795715332031e-01, 3.1721867620944977e-02,
       1.9650284945964813e-01 ], [ 8.9416390657424927e-01,
       3.0698902904987335e-02, 2.1051907539367676e-01 ], [
       8.9226627349853516e-01, -5.8315493166446686e-02,
       2.1594826877117157e-01 ], [ 8.0418032407760620e-01,
       -5.7292528450489044e-02, 2.0193204283714294e-01 ] ] }
   - { id:5, corners:[ [ 8.0322545766830444e-01, -9.2841744422912598e-02,
       2.0319235324859619e-01 ], [ 8.9124619960784912e-01,
       -9.3912228941917419e-02, 2.1760919690132141e-01 ], [
       8.8963431119918823e-01, -1.8303939700126648e-01,
       2.2083255648612976e-01 ], [ 8.0161356925964355e-01,
       -1.8196891248226166e-01, 2.0641571283340454e-01 ] ] }
   - { id:6, corners:[ [ 1.0267789363861084e+00, 2.9956124722957611e-02,
       2.3546352982521057e-01 ], [ 1.1143654584884644e+00,
       3.1810395419597626e-02, 2.5225099921226501e-01 ], [
       1.1150207519531250e+00, -5.7156704366207123e-02,
       2.5865915417671204e-01 ], [ 1.0274342298507690e+00,
       -5.9010975062847137e-02, 2.4187166988849640e-01 ] ] }
   - { id:7, corners:[ [ 1.0276082754135132e+00, -9.5324829220771790e-02,
       2.4320882558822632e-01 ], [ 1.1150064468383789e+00,
       -9.3343243002891541e-02, 2.6093634963035583e-01 ], [
       1.1159852743148804e+00, -1.8239031732082367e-01,
       2.6606464385986328e-01 ], [ 1.0285871028900146e+00,
       -1.8437190353870392e-01, 2.4833711981773376e-01 ] ] }
   - { id:8, corners:[ [ 1.8154084682464600e+00, 6.9048926234245300e-03,
       4.3951615691184998e-01 ], [ 1.8988556861877441e+00,
       3.1605660915374756e-03, 4.7080826759338379e-01 ], [
       1.8925418853759766e+00, -8.5598275065422058e-02,
       4.7702464461326599e-01 ], [ 1.8090946674346924e+00,
       -8.1853948533535004e-02, 4.4573253393173218e-01 ] ] }
   - { id:9, corners:[ [ 1.8066542148590088e+00, -1.1717154085636139e-01,
       4.4813990592956543e-01 ], [ 1.8903398513793945e+00,
       -1.2097051739692688e-01, 4.7878167033195496e-01 ], [
       1.8840107917785645e+00, -2.0972369611263275e-01,
       4.8506319522857666e-01 ], [ 1.8003251552581787e+00,
       -2.0592471957206726e-01, 4.5442143082618713e-01 ] ] }
   - { id:10, corners:[ [ 2.0199027061462402e+00,
       -4.0031671524047852e-03, 5.0915062427520752e-01 ], [
       2.1058092117309570e+00, -1.0648868978023529e-02,
       5.3222811222076416e-01 ], [ 2.0973181724548340e+00,
       -9.9234148859977722e-02, 5.3832626342773438e-01 ], [
       2.0114116668701172e+00, -9.2588447034358978e-02,
       5.1524877548217773e-01 ] ] }
   - { id:11, corners:[ [ 2.0077316761016846e+00,
       -1.2741091847419739e-01, 5.1735955476760864e-01 ], [
       2.0935626029968262e+00, -1.3396021723747253e-01,
       5.4074388742446899e-01 ], [ 2.0852029323577881e+00,
       -2.2257372736930847e-01, 5.4660922288894653e-01 ], [
       1.9993721246719360e+00, -2.1602442860603333e-01,
       5.2322489023208618e-01 ] ] }
   - { id:12, corners:[ [ 2.3131473064422607e+00,
       -2.7490776777267456e-01, 1.1164393424987793e+00 ], [
       2.2948679924011230e+00, -3.0900651216506958e-01,
       1.1968121528625488e+00 ], [ 2.2418587207794189e+00,
       -3.6991930007934570e-01, 1.1589136123657227e+00 ], [
       2.2601380348205566e+00, -3.3582055568695068e-01,
       1.0785408020019531e+00 ] ] }
   - { id:13, corners:[ [ 2.2431547641754150e+00,
       -3.6265021562576294e-01, 1.0620942115783691e+00 ], [
       2.2245864868164062e+00, -3.9659506082534790e-01,
       1.1424658298492432e+00 ], [ 2.1730067729949951e+00,
       -4.5859760046005249e-01, 1.1043624877929688e+00 ], [
       2.1915750503540039e+00, -4.2465275526046753e-01,
       1.0239908695220947e+00 ] ] }
   - { id:14, corners:[ [ 2.2717227935791016e+00,
       -3.5795873403549194e-01, 1.3031456470489502e+00 ], [
       2.2547330856323242e+00, -3.9423155784606934e-01,
       1.3828467130661011e+00 ], [ 2.2005376815795898e+00,
       -4.5364606380462646e-01, 1.3442537784576416e+00 ], [
       2.2175273895263672e+00, -4.1737323999404907e-01,
       1.2645527124404907e+00 ] ] }
   - { id:15, corners:[ [ 2.1997945308685303e+00,
       -4.4379323720932007e-01, 1.2475272417068481e+00 ], [
       2.1825647354125977e+00, -4.7978127002716064e-01,
       1.3273057937622070e+00 ], [ 2.1302640438079834e+00,
       -5.4074215888977051e-01, 1.2885109186172485e+00 ], [
       2.1474938392639160e+00, -5.0475412607192993e-01,
       1.2087323665618896e+00 ] ] }
   - { id:16, corners:[ [ 2.1730062961578369e+00,
       -4.7217920422554016e-01, 1.8163589239120483e+00 ], [
       2.1543571949005127e+00, -5.0831961631774902e-01,
       1.8957486152648926e+00 ], [ 2.1296041011810303e+00,
       -5.8397352695465088e-01, 1.8554941415786743e+00 ], [
       2.1482532024383545e+00, -5.4783308506011963e-01,
       1.7761044502258301e+00 ] ] }
   - { id:17, corners:[ [ 2.1376161575317383e+00,
       -5.7763254642486572e-01, 1.7599261999130249e+00 ], [
       2.1187136173248291e+00, -6.1384582519531250e-01,
       1.8392226696014404e+00 ], [ 2.0911602973937988e+00,
       -6.8834352493286133e-01, 1.7986327409744263e+00 ], [
       2.1100628376007080e+00, -6.5213024616241455e-01,
       1.7193362712860107e+00 ] ] }
   - { id:18, corners:[ [ 2.1207194328308105e+00,
       -5.6649702787399292e-01, 2.0227644443511963e+00 ], [
       2.1002340316772461e+00, -6.0147392749786377e-01,
       2.1022226810455322e+00 ], [ 2.0752491950988770e+00,
       -6.7728501558303833e-01, 2.0624096393585205e+00 ], [
       2.0957345962524414e+00, -6.4230811595916748e-01,
       1.9829515218734741e+00 ] ] }
   - { id:19, corners:[ [ 2.0862474441528320e+00,
       -6.7305666208267212e-01, 1.9668750762939453e+00 ], [
       2.0664834976196289e+00, -7.0843154191970825e-01,
       2.0463397502899170e+00 ], [ 2.0392694473266602e+00,
       -7.8331583738327026e-01, 2.0062353610992432e+00 ], [
       2.0590333938598633e+00, -7.4794095754623413e-01,
       1.9267706871032715e+00 ] ] }
   - { id:20, corners:[ [ 2.0544452667236328e+00,
       -8.8484501838684082e-01, 2.4735479354858398e+00 ], [
       2.0308480262756348e+00, -9.1987156867980957e-01,
       2.5521161556243896e+00 ], [ 1.9827327728271484e+00,
       -9.8203170299530029e-01, 2.5099534988403320e+00 ], [
       2.0063300132751465e+00, -9.4700515270233154e-01,
       2.4313852787017822e+00 ] ] }
   - { id:21, corners:[ [ 1.9877898693084717e+00,
