%YAML:1.0
---
aruco_bc_dict: ARUCO
aruco_bc_nmarkers: 59
aruco_bc_mInfoType: 1
aruco_bc_markers:
   - { id:0, corners:[ [ -7.5000241398811340e-02, 7.4999988079071045e-02,
       0. ], [ 7.4999764561653137e-02, 7.4999988079071045e-02, 0. ], [
       7.4999764561653137e-02, -7.5000017881393433e-02, 0. ], [
       -7.5000241398811340e-02, -7.5000017881393433e-02, 0. ] ] }
   - { id:1, corners:[ [ 3.5344338417053223e-01, 8.0523222684860229e-02,
       1.6927171498537064e-02 ], [ 5.0258600711822510e-01,
       8.2982257008552551e-02, 3.2752010971307755e-02 ], [
       5.0625771284103394e-01, -6.6541150212287903e-02,
       2.1382182836532593e-02 ], [ 3.5711508989334106e-01,
       -6.9000184535980225e-02, 5.5573424324393272e-03 ] ] }
   - { id:2, corners:[ [ 8.0761295557022095e-01, 9.2878460884094238e-02,
       2.1693158894777298e-02 ], [ 9.5739132165908813e-01,
       9.6713230013847351e-02, 2.8885941952466965e-02 ], [
       9.6151512861251831e-01, -5.3110223263502121e-02,
       2.2891834378242493e-02 ], [ 8.1173676252365112e-01,
       -5.6944992393255234e-02, 1.5699051320552826e-02 ] ] }
   - { id:3, corners:[ [ 1.2548588514328003e+00, 1.0392982512712479e-01,
       1.4148814603686333e-02 ], [ 1.4047262668609619e+00,
       1.0713913291692734e-01, 1.9576516002416611e-02 ], [
       1.4081767797470093e+00, -4.2671672999858856e-02,
       1.2881793081760406e-02 ], [ 1.2583093643188477e+00,
       -4.5880980789661407e-02, 7.4540916830301285e-03 ] ] }
   - { id:4, corners:[ [ 1.7002217769622803e+00, 1.1618646234273911e-01,
       5.1803770475089550e-04 ], [ 1.8497896194458008e+00,
       1.2046312540769577e-01, 1.1061041615903378e-02 ], [
       1.8543462753295898e+00, -2.9418341815471649e-02,
       7.2156991809606552e-03 ], [ 1.7047784328460693e+00,
       -3.3695004880428314e-02, -3.3273047301918268e-03 ] ] }
   - { id:5, corners:[ [ 2.1807060241699219e+00, 1.2247835844755173e-01,
       -2.1270962432026863e-02 ], [ 2.3306593894958496e+00,
       1.2533968687057495e-01, -1.8849320709705353e-02 ], [
       2.3335638046264648e+00, -2.4608351290225983e-02,
       -2.1524289622902870e-02 ], [ 2.1836104393005371e+00,
       -2.7469672262668610e-02, -2.3945931345224380e-02 ] ] }
   - { id:6, corners:[ [ 2.6604168415069580e+00, 1.3641846179962158e-01,
       -4.5661389827728271e-02 ], [ 2.8102982044219971e+00,
       1.4141607284545898e-01, -4.2401097714900970e-02 ], [
       2.8152682781219482e+00, -8.4958449006080627e-03,
       -4.1092924773693085e-02 ], [ 2.6653869152069092e+00,
       -1.3493455946445465e-02, -4.4353216886520386e-02 ] ] }
   - { id:7, corners:[ [ 3.1190204620361328e+00, 1.5134289860725403e-01,
       -6.2074776738882065e-02 ], [ 3.2689673900604248e+00,
       1.5532523393630981e-01, -6.1834003776311874e-02 ], [
       3.2729520797729492e+00, 5.3864493966102600e-03,
       -6.3410840928554535e-02 ], [ 3.1230051517486572e+00,
       1.4041289687156677e-03, -6.3651606440544128e-02 ] ] }
   - { id:12, corners:[ [ 1.8159115314483643e+00,
       -1.4534968137741089e-01, 8.9680271148681641e+00 ], [
       1.7216818332672119e+00, -1.3728031516075134e-01,
       8.8515987396240234e+00 ], [ 1.7236936092376709e+00,
       -2.8678679466247559e-01, 8.8396091461181641e+00 ], [
       1.8179233074188232e+00, -2.9485616087913513e-01,
       8.9560375213623047e+00 ] ] }
   - { id:13, corners:[ [ -3.0676722526550293e+00,
       -9.4698530435562134e-01, 1.1236928939819336e+01 ], [
       -3.1403272151947021e+00, -9.3976950645446777e-01,
       1.1105897903442383e+01 ], [ -3.1341104507446289e+00,
       -1.0891851186752319e+00, 1.1094223022460938e+01 ], [
       -3.0614554882049561e+00, -1.0964009761810303e+00,
       1.1225254058837891e+01 ] ] }
   - { id:14, corners:[ [ -3.2884519100189209e+00,
       -9.3059879541397095e-01, 1.0841193199157715e+01 ], [
       -3.3991696834564209e+00, -9.2892223596572876e-01,
       1.0740006446838379e+01 ], [ -3.3861100673675537e+00,
       -1.0774108171463013e+00, 1.0723256111145020e+01 ], [
       -3.2753922939300537e+00, -1.0790874958038330e+00,
       1.0824442863464355e+01 ] ] }
   - { id:15, corners:[ [ -3.5232591629028320e+00,
       -9.1163754463195801e-01, 1.0455762863159180e+01 ], [
       -3.6346263885498047e+00, -9.1063481569290161e-01,
       1.0355282783508301e+01 ], [ -3.6256065368652344e+00,
       -1.0599220991134644e+00, 1.0343795776367188e+01 ], [
       -3.5142393112182617e+00, -1.0609248876571655e+00,
       1.0444275856018066e+01 ] ] }
   - { id:16, corners:[ [ -3.8653194904327393e+00,
       -9.0483838319778442e-01, 1.0173576354980469e+01 ], [
       -3.9549953937530518e+00, -8.9942896366119385e-01,
       1.0053455352783203e+01 ], [ -3.9488961696624756e+00,
       -1.0488795042037964e+00, 1.0042171478271484e+01 ], [
       -3.8592202663421631e+00, -1.0542889833450317e+00,
       1.0162292480468750e+01 ] ] }
   - { id:17, corners:[ [ -4.1341118812561035e+00,
       -8.9125782251358032e-01, 9.8073520660400391e+00 ], [
       -4.1502933502197266e+00, -8.7831974029541016e-01,
       9.6587896347045898e+00 ], [ -4.1320223808288574e+00,
       -1.0264563560485840e+00, 9.6438980102539062e+00 ], [
       -4.1158409118652344e+00, -1.0393943786621094e+00,
       9.7924604415893555e+00 ] ] }
   - { id:18, corners:[ [ -4.3369693756103516e+00,
       -8.7680953741073608e-01, 9.4763717651367188e+00 ], [
       -4.4353580474853516e+00, -8.7151175737380981e-01,
       9.3632717132568359e+00 ], [ -4.4354810714721680e+00,
       -1.0213524103164673e+00, 9.3563594818115234e+00 ], [
       -4.3370923995971680e+00, -1.0266501903533936e+00,
       9.4694595336914062e+00 ] ] }
   - { id:20, corners:[ [ -4.8599100112915039e+00,
       -8.5220289230346680e-01, 8.8031930923461914e+00 ], [
       -4.9633102416992188e+00, -8.4678155183792114e-01,
       8.6946620941162109e+00 ], [ -4.9594497680664062e+00,
       -9.9631690979003906e-01, 8.6835145950317383e+00 ], [
       -4.8560495376586914e+00, -1.0017383098602295e+00,
       8.7920455932617188e+00 ] ] }
   - { id:21, corners:[ [ -3.3194744586944580e+00,
       -1.2350882291793823e+00, 1.0543004035949707e+01 ], [
       -3.4166753292083740e+00, -1.2276911735534668e+00,
       1.0428997993469238e+01 ], [ -3.4108192920684814e+00,
       -1.3768571615219116e+00, 1.0414326667785645e+01 ], [
       -3.3136184215545654e+00, -1.3842542171478271e+00,
       1.0528332710266113e+01 ] ] }
   - { id:23, corners:[ [ -3.7451958656311035e+00,
       -1.2275683879852295e+00, 1.0153420448303223e+01 ], [
       -3.8405272960662842e+00, -1.2207523584365845e+00,
       1.0037811279296875e+01 ], [ -3.8342366218566895e+00,
       -1.3699665069580078e+00, 1.0023827552795410e+01 ], [
       -3.7389051914215088e+00, -1.3767825365066528e+00,
       1.0139436721801758e+01 ] ] }
   - { id:24, corners:[ [ -4.0858197212219238e+00,
       -1.2167338132858276e+00, 9.8034934997558594e+00 ], [
       -4.1838326454162598e+00, -1.2066174745559692e+00,
       9.6903953552246094e+00 ], [ -4.1772074699401855e+00,
       -1.3552569150924683e+00, 9.6713581085205078e+00 ], [
       -4.0791945457458496e+00, -1.3653732538223267e+00,
       9.7844562530517578e+00 ] ] }
   - { id:25, corners:[ [ -4.4375224113464355e+00,
       -1.2033333778381348e+00, 9.4351024627685547e+00 ], [
       -4.5387415885925293e+00, -1.1948007345199585e+00,
       9.3247308731079102e+00 ], [ -4.5300097465515137e+00,
       -1.3432731628417969e+00, 9.3052444458007812e+00 ], [
       -4.4287905693054199e+00, -1.3518058061599731e+00,
       9.4156160354614258e+00 ] ] }
   - { id:26, corners:[ [ -4.8020634651184082e+00,
       -1.1850309371948242e+00, 9.0598878860473633e+00 ], [
       -4.8996119499206543e+00, -1.1772481203079224e+00,
       8.9462051391601562e+00 ], [ -4.8882622718811035e+00,
       -1.3254899978637695e+00, 8.9263162612915039e+00 ], [
       -4.7907137870788574e+00, -1.3332728147506714e+00,
       9.0399990081787109e+00 ] ] }
   - { id:27, corners:[ [ -5.1489400863647461e+00,
