%YAML:1.0
---
aruco_bc_dict: CUSTOM
aruco_bc_nmarkers: 48
aruco_bc_mInfoType: 1
aruco_bc_markers:
   - { id:0, corners:[ [ -4.4600475579500198e-02, 4.4600058346986771e-02,
       1.1920928955078125e-07 ], [ 4.4599521905183792e-02,
       4.4600058346986771e-02, 1.1920928955078125e-07 ], [
       4.4599521905183792e-02, -4.4599939137697220e-02,
       1.1920928955078125e-07 ], [ -4.4600475579500198e-02,
       -4.4599939137697220e-02, 1.1920928955078125e-07 ] ] }
   - { id:1, corners:[ [ -4.7362864017486572e-02,
       -9.2775642871856689e-02, -2.8474968858063221e-03 ], [
       4.1688978672027588e-02, -9.3189701437950134e-02,
       -7.9697277396917343e-03 ], [ 4.1106626391410828e-02,
       -1.8234005570411682e-01, -1.0887682437896729e-02 ], [
       -4.7945216298103333e-02, -1.8192599713802338e-01,
       -5.7654511183500290e-03 ] ] }
   - { id:2, corners:[ [ 2.0684465765953064e-01, 4.2106635868549347e-02,
       6.0168158262968063e-02 ], [ 2.9600492119789124e-01,
       4.2281083762645721e-02, 5.7512268424034119e-02 ], [
       2.9600092768669128e-01, -4.6718232333660126e-02,
       5.1532190293073654e-02 ], [ 2.0684064924716949e-01,
       -4.6892680227756500e-02, 5.4188080132007599e-02 ] ] }
   - { id:3, corners:[ [ 2.1304245293140411e-01, -9.3908801674842834e-02,
       7.1261837147176266e-03 ], [ 3.0212056636810303e-01,
       -9.1896176338195801e-02, 2.9217225965112448e-03 ], [
       3.0386078357696533e-01, -1.8089468777179718e-01,
       -2.8121084906160831e-03 ], [ 2.1478265523910522e-01,
       -1.8290731310844421e-01, 1.3923526275902987e-03 ] ] }
   - { id:4, corners:[ [ 1.8085939884185791e+00, -4.0422740578651428e-01,
       3.2875522971153259e-01 ], [ 1.8643543720245361e+00,
       -4.2102363705635071e-01, 3.9632228016853333e-01 ], [
       1.8186268806457520e+00, -4.9513575434684753e-01,
       4.1563615202903748e-01 ], [ 1.7628664970397949e+00,
       -4.7833952307701111e-01, 3.4806910157203674e-01 ] ] }
   - { id:5, corners:[ [ 1.7787398099899292e+00, -5.4921287298202515e-01,
       2.9678267240524292e-01 ], [ 1.8382772207260132e+00,
       -5.6918579339981079e-01, 3.6013111472129822e-01 ], [
       1.7900730371475220e+00, -6.4070659875869751e-01,
       3.8288569450378418e-01 ], [ 1.7305356264114380e+00,
       -6.2073367834091187e-01, 3.1953725218772888e-01 ] ] }
   - { id:6, corners:[ [ 1.9462851285934448e+00, -4.4547349214553833e-01,
       4.9847880005836487e-01 ], [ 2.0002720355987549e+00,
       -4.5828106999397278e-01, 5.6832164525985718e-01 ], [
       1.9595211744308472e+00, -5.3571987152099609e-01,
       5.8562046289443970e-01 ], [ 1.9055343866348267e+00,
       -5.2291226387023926e-01, 5.1577764749526978e-01 ] ] }
   - { id:7, corners:[ [ 1.9384340047836304e+00, -5.9656822681427002e-01,
       4.8874920606613159e-01 ], [ 1.9965035915374756e+00,
       -6.1122024059295654e-01, 5.5485427379608154e-01 ], [
       1.9550982713699341e+00, -6.8781018257141113e-01,
       5.7425051927566528e-01 ], [ 1.8970286846160889e+00,
       -6.7315816879272461e-01, 5.0814545154571533e-01 ] ] }
   - { id:8, corners:[ [ 1.1961830854415894e+00, -2.9335153102874756e-01,
       1.8194167613983154e+00 ], [ 1.1757774353027344e+00,
       -3.0597823858261108e-01, 1.9053283929824829e+00 ], [
       1.1362715959548950e+00, -3.8321787118911743e-01,
       1.8845927715301514e+00 ], [ 1.1566772460937500e+00,
       -3.7059116363525391e-01, 1.7986811399459839e+00 ] ] }
   - { id:9, corners:[ [ 1.1282203197479248e+00, -4.0531632304191589e-01,
       1.7890330553054810e+00 ], [ 1.1098768711090088e+00,
       -4.1868484020233154e-01, 1.8752968311309814e+00 ], [
       1.0709276199340820e+00, -4.9631831049919128e-01,
       1.8549834489822388e+00 ], [ 1.0892710685729980e+00,
       -4.8294979333877563e-01, 1.7687196731567383e+00 ] ] }
   - { id:10, corners:[ [ 1.1428545713424683e+00,
       -3.2926934957504272e-01, 2.0486660003662109e+00 ], [
       1.1295349597930908e+00, -3.4820753335952759e-01,
       2.1348085403442383e+00 ], [ 1.0926183462142944e+00,
       -4.2613160610198975e-01, 2.1119689941406250e+00 ], [
       1.1059379577636719e+00, -4.0719342231750488e-01,
       2.0258264541625977e+00 ] ] }
   - { id:11, corners:[ [ 1.0456813573837280e+00,
       -4.0268474817276001e-01, 2.0060667991638184e+00 ], [
       1.0273486375808716e+00, -4.1766297817230225e-01,
       2.0920679569244385e+00 ], [ 9.8586070537567139e-01,
       -4.9348652362823486e-01, 2.0700182914733887e+00 ], [
       1.0041934251785278e+00, -4.7850829362869263e-01,
       1.9840171337127686e+00 ] ] }
   - { id:12, corners:[ [ 4.2853385210037231e-02,
       -4.1545245051383972e-01, 3.1384377479553223e+00 ], [
       -1.4420176856219769e-02, -4.3661129474639893e-01,
       3.2034661769866943e+00 ], [ -4.0965646505355835e-02,
       -5.0790345668792725e-01, 3.1568894386291504e+00 ], [
       1.6307912766933441e-02, -4.8674464225769043e-01,
       3.0918610095977783e+00 ] ] }
   - { id:13, corners:[ [ 4.0262844413518906e-02,
       -5.6277668476104736e-01, 3.0945582389831543e+00 ], [
       -3.0284550040960312e-02, -5.6716924905776978e-01,
       3.1489679813385010e+00 ], [ -5.9988308697938919e-02,
       -6.3867473602294922e-01, 3.1046814918518066e+00 ], [
       1.0559085756540298e-02, -6.3428217172622681e-01,
       3.0502717494964600e+00 ] ] }
   - { id:14, corners:[ [ -7.5522199273109436e-02,
       -5.0278693437576294e-01, 3.3284850120544434e+00 ], [
       -1.3896046578884125e-01, -5.1753944158554077e-01,
       3.3894324302673340e+00 ], [ -1.7137607932090759e-01,
       -5.8403879404067993e-01, 3.3395957946777344e+00 ], [
       -1.0793781280517578e-01, -5.6928628683090210e-01,
       3.2786483764648438e+00 ] ] }
   - { id:15, corners:[ [ -1.3888843357563019e-01,
       -5.5159181356430054e-01, 3.2153651714324951e+00 ], [
       -2.0775018632411957e-01, -5.6057536602020264e-01,
       3.2713472843170166e+00 ], [ -2.4059908092021942e-01,
       -6.2603992223739624e-01, 3.2204358577728271e+00 ], [
       -1.7173732817173004e-01, -6.1705636978149414e-01,
       3.1644537448883057e+00 ] ] }
   - { id:16, corners:[ [ -1.7572140693664551e+00,
       -3.4333610534667969e-01, 2.8830845355987549e+00 ], [
       -1.8134356737136841e+00, -3.2537820935249329e-01,
       2.8162019252777100e+00 ], [ -1.7876493930816650e+00,
       -3.9990329742431641e-01, 2.7745158672332764e+00 ], [
       -1.7314277887344360e+00, -4.1786119341850281e-01,
       2.8413984775543213e+00 ] ] }
   - { id:17, corners:[ [ -1.7502508163452148e+00,
       -4.9123576283454895e-01, 2.8487634658813477e+00 ], [
       -1.8082698583602905e+00, -4.7401690483093262e-01,
       2.7832350730895996e+00 ], [ -1.7817313671112061e+00,
       -5.4761910438537598e-01, 2.7403974533081055e+00 ], [
       -1.7237123250961304e+00, -5.6483793258666992e-01,
       2.8059258460998535e+00 ] ] }
   - { id:18, corners:[ [ -1.8884460926055908e+00,
       -2.9009231925010681e-01, 2.7053987979888916e+00 ], [
       -1.9454643726348877e+00, -2.7266037464141846e-01,
       2.6390535831451416e+00 ], [ -1.9246678352355957e+00,
       -3.5047915577888489e-01, 2.6007339954376221e+00 ], [
       -1.8676495552062988e+00, -3.6791110038757324e-01,
       2.6670792102813721e+00 ] ] }
   - { id:19, corners:[ [ -1.8557567596435547e+00,
       -3.9349168539047241e-01, 2.6515283584594727e+00 ], [
       -1.9128186702728271e+00, -3.7681555747985840e-01,
       2.5850267410278320e+00 ], [ -1.8875186443328857e+00,
       -4.5210868120193481e-01, 2.5444374084472656e+00 ], [
       -1.8304567337036133e+00, -4.6878480911254883e-01,
       2.6109390258789062e+00 ] ] }
   - { id:20, corners:[ [ -2.4305043220520020e+00,
       -2.2196570038795471e-01, 1.5457907915115356e+00 ], [
       -2.4299077987670898e+00, -2.0161263644695282e-01,
       1.4589458703994751e+00 ], [ -2.3753328323364258e+00,
       -2.7039024233818054e-01, 1.4432018995285034e+00 ], [
       -2.3759293556213379e+00, -2.9074332118034363e-01,
       1.5300468206405640e+00 ] ] }
