%YAML:1.0
---
image_width: 640
image_height: 480
camera_matrix: !!opencv-matrix
   rows: 3
   cols: 3
   dt: f
   data: [ 6.38850342e+02, 0., 3.08349762e+02, 0., 6.40687439e+02,
       2.46518906e+02, 0., 0., 1. ]
distortion_coefficients: !!opencv-matrix
   rows: 1
   cols: 5
   dt: f
   data: [ -9.98043641e-03, -9.97150019e-02, 2.89250514e-03,
       2.39919173e-03, 1.75121948e-01 ]
