%YAML:1.0
---
aruco_bc_dict: CUSTOM
aruco_bc_nmarkers: 48
aruco_bc_mInfoType: 1
aruco_bc_markers:
   - { id:0, corners:[ [ -4.4600356370210648e-02, 4.4600028544664383e-02,
       2.3841857910156250e-07 ], [ 4.4599641114473343e-02,
       4.4600028544664383e-02, 2.3841857910156250e-07 ], [
       4.4599641114473343e-02, -4.4599968940019608e-02,
       2.3841857910156250e-07 ], [ -4.4600356370210648e-02,
       -4.4599968940019608e-02, 2.3841857910156250e-07 ] ] }
   - { id:1, corners:[ [ -4.7155842185020447e-02,
       -9.4323545694351196e-02, -1.5213284641504288e-03 ], [
       4.1559748351573944e-02, -9.4426348805427551e-02,
       -1.0804289951920509e-02 ], [ 4.0749721229076385e-02,
       -1.8336641788482666e-01, -1.7560604959726334e-02 ], [
       -4.7965869307518005e-02, -1.8326361477375031e-01,
       -8.2776434719562531e-03 ] ] }
   - { id:2, corners:[ [ 1.9817566871643066e-01, 4.1026066988706589e-02,
       4.8021040856838226e-02 ], [ 2.8684523701667786e-01,
       4.1452784091234207e-02, 3.8317177444696426e-02 ], [
       2.8689312934875488e-01, -4.7679219394922256e-02,
       3.4835427999496460e-02 ], [ 1.9822356104850769e-01,
       -4.8105936497449875e-02, 4.4539291411638260e-02 ] ] }
   - { id:3, corners:[ [ 2.1515035629272461e-01, -1.0068389773368835e-01,
       -3.1186226755380630e-02 ], [ 3.0349561572074890e-01,
       -9.8600000143051147e-02, -4.3327607214450836e-02 ], [
       3.0490446090698242e-01, -1.8764677643775940e-01,
       -4.8360016196966171e-02 ], [ 2.1655920147895813e-01,
       -1.8973067402839661e-01, -3.6218635737895966e-02 ] ] }
   - { id:4, corners:[ [ 1.4823530912399292e+00, -2.1019558608531952e-01,
       1.1417860984802246e+00 ], [ 1.5516718626022339e+00,
       -2.4933101236820221e-01, 1.1820349693298340e+00 ], [
       1.5081373453140259e+00, -3.2718256115913391e-01,
       1.1813147068023682e+00 ], [ 1.4388185739517212e+00,
       -2.8804713487625122e-01, 1.1410658359527588e+00 ] ] }
   - { id:5, corners:[ [ 1.4275958538055420e+00, -3.3574527502059937e-01,
       1.0966918468475342e+00 ], [ 1.4998795986175537e+00,
       -3.7848785519599915e-01, 1.1267713308334351e+00 ], [
       1.4533565044403076e+00, -4.5450037717819214e-01,
       1.1305575370788574e+00 ], [ 1.3810727596282959e+00,
       -4.1175779700279236e-01, 1.1004780530929565e+00 ] ] }
   - { id:6, corners:[ [ 1.6636458635330200e+00, -3.0926942825317383e-01,
       1.2374284267425537e+00 ], [ 1.7077492475509644e+00,
       -3.3081755042076111e-01, 1.3119080066680908e+00 ], [
       1.6612335443496704e+00, -4.0672379732131958e-01,
       1.3174915313720703e+00 ], [ 1.6171301603317261e+00,
       -3.8517567515373230e-01, 1.2430119514465332e+00 ] ] }
   - { id:7, corners:[ [ 1.6441549062728882e+00, -4.6499481797218323e-01,
       1.1804702281951904e+00 ], [ 1.6893649101257324e+00,
       -4.7695583105087280e-01, 1.2564282417297363e+00 ], [
       1.6271551847457886e+00, -5.3443574905395508e-01,
       1.2844040393829346e+00 ], [ 1.5819451808929443e+00,
       -5.2247476577758789e-01, 1.2084460258483887e+00 ] ] }
   - { id:8, corners:[ [ 1.3428753614425659e+00, -6.4975088834762573e-01,
       2.7936778068542480e+00 ], [ 1.2928164005279541e+00,
       -6.5003281831741333e-01, 2.8675062656402588e+00 ], [
       1.2370804548263550e+00, -7.0838564634323120e-01,
       2.8294920921325684e+00 ], [ 1.2871394157409668e+00,
       -7.0810371637344360e-01, 2.7556636333465576e+00 ] ] }
   - { id:9, corners:[ [ 1.2563054561614990e+00, -7.3361855745315552e-01,
       2.7370738983154297e+00 ], [ 1.2060536146163940e+00,
       -7.3310923576354980e-01, 2.8107700347900391e+00 ], [
       1.1521317958831787e+00, -7.9416698217391968e-01,
       2.7744240760803223e+00 ], [ 1.2023836374282837e+00,
       -7.9467630386352539e-01, 2.7007279396057129e+00 ] ] }
   - { id:10, corners:[ [ 1.2061234712600708e+00,
       -6.3756352663040161e-01, 2.9781651496887207e+00 ], [
       1.1589525938034058e+00, -6.4530211687088013e-01,
       3.0534756183624268e+00 ], [ 1.1042429208755493e+00,
       -7.0315116643905640e-01, 3.0132637023925781e+00 ], [
       1.1514137983322144e+00, -6.9541257619857788e-01,
       2.9379532337188721e+00 ] ] }
   - { id:11, corners:[ [ 1.1211074590682983e+00,
       -7.0611548423767090e-01, 2.9113783836364746e+00 ], [
       1.0760155916213989e+00, -7.1379023790359497e-01,
       2.9879581928253174e+00 ], [ 1.0248342752456665e+00,
       -7.7708578109741211e-01, 2.9514780044555664e+00 ], [
       1.0699261426925659e+00, -7.6941102743148804e-01,
       2.8748981952667236e+00 ] ] }
   - { id:12, corners:[ [ -9.8650418221950531e-02,
       -6.6135072708129883e-01, 3.8090124130249023e+00 ], [
       -1.7722724378108978e-01, -6.6721856594085693e-01,
       3.8508200645446777e+00 ], [ -2.0285123586654663e-01,
       -7.3079240322113037e-01, 3.7937374114990234e+00 ], [
       -1.2427441775798798e-01, -7.2492456436157227e-01,
       3.7519297599792480e+00 ] ] }
   - { id:13, corners:[ [ -1.1314539611339569e-01,
       -7.9638767242431641e-01, 3.7554628849029541e+00 ], [
       -1.9532887637615204e-01, -7.9258131980895996e-01,
       3.7899305820465088e+00 ], [ -2.2070683538913727e-01,
       -8.5960423946380615e-01, 3.7368218898773193e+00 ], [
       -1.3852335512638092e-01, -8.6341059207916260e-01,
       3.7023541927337646e+00 ] ] }
   - { id:14, corners:[ [ -2.7474659681320190e-01,
       -7.2179573774337769e-01, 3.9578397274017334e+00 ], [
       -3.5183680057525635e-01, -7.3307907581329346e-01,
       4.0012726783752441e+00 ], [ -3.7761014699935913e-01,
       -7.9262095689773560e-01, 3.9400589466094971e+00 ], [
       -3.0051994323730469e-01, -7.8133761882781982e-01,
       3.8966259956359863e+00 ] ] }
   - { id:15, corners:[ [ -3.1493374705314636e-01,
       -7.6585352420806885e-01, 3.8281223773956299e+00 ], [
       -3.9476448297500610e-01, -7.6998859643936157e-01,
       3.8677024841308594e+00 ], [ -4.2122402787208557e-01,
       -8.3074021339416504e-01, 3.8079884052276611e+00 ], [
       -3.4139329195022583e-01, -8.2660514116287231e-01,
       3.7684082984924316e+00 ] ] }
   - { id:16, corners:[ [ -1.7473287582397461e+00,
       -3.7062719464302063e-01, 3.2009387016296387e+00 ], [
       -1.7980780601501465e+00, -3.5094976425170898e-01,
       3.1302707195281982e+00 ], [ -1.7762184143066406e+00,
       -4.2892000079154968e-01, 3.0928616523742676e+00 ], [
       -1.7254691123962402e+00, -4.4859743118286133e-01,
       3.1635296344757080e+00 ] ] }
   - { id:17, corners:[ [ -1.7527041435241699e+00,
       -5.1726287603378296e-01, 3.1637573242187500e+00 ], [
       -1.8031158447265625e+00, -4.9723619222640991e-01,
       3.0929460525512695e+00 ], [ -1.7865200042724609e+00,
       -5.7776433229446411e-01, 3.0583562850952148e+00 ], [
       -1.7361083030700684e+00, -5.9779101610183716e-01,
       3.1291675567626953e+00 ] ] }
   - { id:18, corners:[ [ -1.8729941844940186e+00,
       -3.1688961386680603e-01, 3.0111985206604004e+00 ], [
       -1.9223234653472900e+00, -2.9605334997177124e-01,
       2.9398603439331055e+00 ], [ -1.9057276248931885e+00,
       -3.7642541527748108e-01, 2.9049096107482910e+00 ], [
       -1.8563983440399170e+00, -3.9726167917251587e-01,
       2.9762477874755859e+00 ] ] }
   - { id:19, corners:[ [ -1.8422915935516357e+00,
       -4.2569166421890259e-01, 2.9629719257354736e+00 ], [
       -1.8879159688949585e+00, -4.0335705876350403e-01,
       2.8896491527557373e+00 ], [ -1.8657293319702148e+00,
       -4.8118519783020020e-01, 2.8521368503570557e+00 ], [
       -1.8201049566268921e+00, -5.0351977348327637e-01,
       2.9254596233367920e+00 ] ] }
   - { id:20, corners:[ [ -2.2604584693908691e+00,
       -1.7386655509471893e-01, 1.8217966556549072e+00 ], [
       -2.2648522853851318e+00, -1.5725181996822357e-01,
       1.7342678308486938e+00 ], [ -2.2236714363098145e+00,
       -2.3458437621593475e-01, 1.7175211906433105e+00 ], [
       -2.2192776203155518e+00, -2.5119912624359131e-01,
       1.8050500154495239e+00 ] ] }
