%YAML:1.0
---
aruco_bc_dict: CUSTOM
aruco_bc_nmarkers: 44
aruco_bc_mInfoType: 1
aruco_bc_markers:
   - { id:0, corners:[ [ -4.4600721448659897e-02, 4.4599514454603195e-02,
       1.7680012831533531e-07 ], [ 4.4599276036024094e-02,
       4.4600721448659897e-02, 1.4490028377167619e-07 ], [
       4.4600483030080795e-02, -4.4599276036024094e-02,
       6.1618450786227186e-08 ], [ -4.4599514454603195e-02,
       -4.4600483030080795e-02, 9.3518295329886314e-08 ] ] }
   - { id:1, corners:[ [ -4.3710391968488693e-02,
       -7.4848294258117676e-02, 2.1659748628735542e-02 ], [
       4.4460128992795944e-02, -7.6946675777435303e-02,
       8.3107724785804749e-03 ], [ 4.4099804013967514e-02,
       -1.6539838910102844e-01, 1.9834877923130989e-02 ], [
       -4.4070716947317123e-02, -1.6330000758171082e-01,
       3.3183854073286057e-02 ] ] }
   - { id:2, corners:[ [ 1.7711740732192993e-01, 3.8903392851352692e-02,
       -3.7545744329690933e-02 ], [ 2.6477628946304321e-01,
       3.6368273198604584e-02, -5.3859341889619827e-02 ], [
       2.6494765281677246e-01, -5.1629319787025452e-02,
       -3.9263647049665451e-02 ], [ 1.7728878557682037e-01,
       -4.9094200134277344e-02, -2.2950049489736557e-02 ] ] }
   - { id:3, corners:[ [ 1.7751155793666840e-01, -8.1496194005012512e-02,
       -1.5289044007658958e-02 ], [ 2.6524239778518677e-01,
       -8.4018796682357788e-02, -3.1213073059916496e-02 ], [
       2.6511624455451965e-01, -1.7222489416599274e-01,
       -1.7935028299689293e-02 ], [ 1.7738538980484009e-01,
       -1.6970229148864746e-01, -2.0109992474317551e-03 ] ] }
   - { id:4, corners:[ [ 1.0960249900817871e+00, -4.9260850995779037e-02,
       -4.4554823637008667e-01 ], [ 1.1742962598800659e+00,
       -5.0727952271699905e-02, -4.0279203653335571e-01 ], [
       1.1487183570861816e+00, -1.2379239499568939e-01,
       -3.5847502946853638e-01 ], [ 1.0704470872879028e+00,
       -1.2232530117034912e-01, -4.0123122930526733e-01 ] ] }
   - { id:5, corners:[ [ 1.0605399608612061e+00, -1.5185822546482086e-01,
       -3.8561403751373291e-01 ], [ 1.1389901638031006e+00,
       -1.5341831743717194e-01, -3.4319022297859192e-01 ], [
       1.1143190860748291e+00, -2.2763557732105255e-01,
       -3.0029761791229248e-01 ], [ 1.0358688831329346e+00,
       -2.2607548534870148e-01, -3.4272143244743347e-01 ] ] }
   - { id:6, corners:[ [ 1.2959074974060059e+00, -5.3954448550939560e-02,
       -3.4451696276664734e-01 ], [ 1.3746685981750488e+00,
       -5.3530592471361160e-02, -3.0264616012573242e-01 ], [
       1.3509969711303711e+00, -1.2665463984012604e-01,
       -2.5737842917442322e-01 ], [ 1.2722358703613281e+00,
       -1.2707850337028503e-01, -2.9924923181533813e-01 ] ] }
   - { id:7, corners:[ [ 1.2628989219665527e+00, -1.5670979022979736e-01,
       -2.8218325972557068e-01 ], [ 1.3417890071868896e+00,
       -1.5614958107471466e-01, -2.4055780470371246e-01 ], [
       1.3190302848815918e+00, -2.3025196790695190e-01,
       -1.9642719626426697e-01 ], [ 1.2401401996612549e+00,
       -2.3081217706203461e-01, -2.3805265128612518e-01 ] ] }
   - { id:8, corners:[ [ 1.9489338397979736e+00, -6.3858330249786377e-02,
       -3.2654628157615662e-02 ], [ 2.0286171436309814e+00,
       -6.3333839178085327e-02, 7.4320267885923386e-03 ], [
       2.0055541992187500e+00, -1.3568960130214691e-01,
       5.4222837090492249e-02 ], [ 1.9258708953857422e+00,
       -1.3621409237384796e-01, 1.4136182144284248e-02 ] ] }
   - { id:9, corners:[ [ 1.9157865047454834e+00, -1.6540741920471191e-01,
       3.4213237464427948e-02 ], [ 1.9961380958557129e+00,
       -1.6604156792163849e-01, 7.2941191494464874e-02 ], [
       1.9730064868927002e+00, -2.3836386203765869e-01,
       1.1974986642599106e-01 ], [ 1.8926548957824707e+00,
       -2.3772971332073212e-01, 8.1021912395954132e-02 ] ] }
   - { id:10, corners:[ [ 2.1297221183776855e+00,
       -6.2254179269075394e-02, 7.4490942060947418e-02 ], [
       2.2121329307556152e+00, -6.9489046931266785e-02,
       1.0784912854433060e-01 ], [ 2.1868176460266113e+00,
       -1.4091858267784119e-01, 1.5489801764488220e-01 ], [
       2.1044068336486816e+00, -1.3368371129035950e-01,
       1.2153983861207962e-01 ] ] }
   - { id:11, corners:[ [ 2.0977909564971924e+00,
       -1.6445636749267578e-01, 1.3697817921638489e-01 ], [
       2.1798779964447021e+00, -1.7095355689525604e-01,
       1.7127305269241333e-01 ], [ 2.1545975208282471e+00,
       -2.4245038628578186e-01, 2.1823838353157043e-01 ], [
       2.0725104808807373e+00, -2.3595319688320160e-01,
       1.8394351005554199e-01 ] ] }
   - { id:12, corners:[ [ 2.8541138172149658e+00, 6.9629773497581482e-02,
       1.8257294893264771e+00 ], [ 2.8306360244750977e+00,
       8.8026843965053558e-02, 1.9097948074340820e+00 ], [
       2.7688825130462646e+00, 2.3737862706184387e-02,
       1.9066175222396851e+00 ], [ 2.7923603057861328e+00,
       5.3407922387123108e-03, 1.8225522041320801e+00 ] ] }
   - { id:13, corners:[ [ 2.7675495147705078e+00,
       -2.1610289812088013e-02, 1.8212506771087646e+00 ], [
       2.7440545558929443e+00, -3.1569227576255798e-03,
       1.9052988290786743e+00 ], [ 2.6838951110839844e+00,
       -6.8973869085311890e-02, 1.9029321670532227e+00 ], [
       2.7073900699615479e+00, -8.7427236139774323e-02,
       1.8188840150833130e+00 ] ] }
   - { id:14, corners:[ [ 2.7941489219665527e+00, 1.1726197600364685e-01,
       2.0229439735412598e+00 ], [ 2.7700893878936768e+00,
       1.3457207381725311e-01, 2.1070754528045654e+00 ], [
       2.7089691162109375e+00, 6.9735109806060791e-02,
       2.1029367446899414e+00 ], [ 2.7330286502838135e+00,
       5.2425008267164230e-02, 2.0188052654266357e+00 ] ] }
   - { id:15, corners:[ [ 2.7080404758453369e+00, 2.5811586529016495e-02,
       2.0166466236114502e+00 ], [ 2.6844217777252197e+00,
       4.2535651475191116e-02, 2.1010212898254395e+00 ], [
       2.6239616870880127e+00, -2.2928964346647263e-02,
       2.0970728397369385e+00 ], [ 2.6475803852081299e+00,
       -3.9653029292821884e-02, 2.0126981735229492e+00 ] ] }
   - { id:16, corners:[ [ 2.3390595912933350e+00, 6.3432097434997559e-01,
       3.5189490318298340e+00 ], [ 2.2986011505126953e+00,
       6.6513955593109131e-01, 3.5922291278839111e+00 ], [
       2.2782709598541260e+00, 5.8163833618164062e-01,
       3.6161217689514160e+00 ], [ 2.3187294006347656e+00,
       5.5081975460052490e-01, 3.5428416728973389e+00 ] ] }
   - { id:17, corners:[ [ 2.3118493556976318e+00, 5.1524782180786133e-01,
       3.5532438755035400e+00 ], [ 2.2699494361877441e+00,
       5.4612767696380615e-01, 3.6256830692291260e+00 ], [
       2.2491056919097900e+00, 4.6264976263046265e-01,
       3.6492121219635010e+00 ], [ 2.2910056114196777e+00,
       4.3176990747451782e-01, 3.5767729282379150e+00 ] ] }
   - { id:18, corners:[ [ 2.2289588451385498e+00, 7.1109473705291748e-01,
       3.7022097110748291e+00 ], [ 2.1880805492401123e+00,
       7.4287092685699463e-01, 3.7748451232910156e+00 ], [
       2.1672666072845459e+00, 6.5971422195434570e-01,
       3.7995102405548096e+00 ], [ 2.2081449031829834e+00,
       6.2793803215026855e-01, 3.7268748283386230e+00 ] ] }
   - { id:19, corners:[ [ 2.1989240646362305e+00, 5.9406739473342896e-01,
       3.7360761165618896e+00 ], [ 2.1602897644042969e+00,
       6.2577438354492188e-01, 3.8099591732025146e+00 ], [
       2.1410670280456543e+00, 5.4253846406936646e-01,
       3.8356282711029053e+00 ], [ 2.1797013282775879e+00,
       5.1083147525787354e-01, 3.7617452144622803e+00 ] ] }
   - { id:20, corners:[ [ 1.9465954601764679e-01, 1.0730768442153931e+00,
       4.9589538574218750e+00 ], [ 1.1676485836505890e-01,
       1.0648936033248901e+00, 4.9162678718566895e+00 ], [
       1.3628791272640228e-01, 9.8003643751144409e-01,
       4.8969097137451172e+00 ], [ 2.1418260037899017e-01,
       9.8821961879730225e-01, 4.9395956993103027e+00 ] ] }
   - { id:21, corners:[ [ 2.2279959917068481e-01, 9.5343333482742310e-01,
