%YAML:1.0
---
image_width:  640
image_height:  480
camera_matrix:  !!opencv-matrix
   rows:  3
   cols:  3
   dt:  f
   data:  [ 5.09474335e+02, 0., 3.27997925e+02, 0., 5.00031464e+02,
       2.39106857e+02, 0., 0., 1. ]
distortion_coefficients:  !!opencv-matrix
   rows:  1
   cols:  5
   dt:  f
   data:  [ -5.07502496e-01, 2.34121251e+00, 1.24123730e-02,
       -5.54467877e-03, -3.33033657e+00 ]
