%YAML:1.0
---
aruco_bc_dict:  CUSTOM
aruco_bc_nmarkers:  48
aruco_bc_mInfoType:  1
aruco_bc_markers:
   - { id: 0, corners:[ [ -4.4600088149309158e-02, 4.4599641114473343e-02,
       7.1525573730468750e-07 ], [ 4.4599909335374832e-02,
       4.4599641114473343e-02, 7.1525573730468750e-07 ], [
       4.4599909335374832e-02, -4.4600356370210648e-02,
       7.1525573730468750e-07 ], [ -4.4600088149309158e-02,
       -4.4600356370210648e-02, 7.1525573730468750e-07 ] ] }
   - { id: 1, corners:[ [ -5.8878082782030106e-02,
       -6.8812757730484009e-02, -1.3971381122246385e-03 ], [
       3.0220765620470047e-02, -6.7257255315780640e-02,
       -5.3486581891775131e-03 ], [ 3.1974796205759048e-02,
       -1.5632702410221100e-01, -8.6095195729285479e-04 ], [
       -5.7124052196741104e-02, -1.5788252651691437e-01,
       3.0905678868293762e-03 ] ] }
   - { id: 2, corners:[ [ 1.5929315984249115e-01, 5.2291262894868851e-02,
       -2.4086946621537209e-02 ], [ 2.4838101863861084e-01,
       5.6665558367967606e-02, -2.5013821199536324e-02 ], [
       2.5279828906059265e-01, -3.2300774008035660e-02,
       -2.0310742780566216e-02 ], [ 1.6371041536331177e-01,
       -3.6675069481134415e-02, -1.9383868202567101e-02 ] ] }
   - { id: 3, corners:[ [ 1.5787218511104584e-01, -6.1150912195444107e-02,
       -1.7823120579123497e-02 ], [ 2.4689689278602600e-01,
       -5.6685071438550949e-02, -2.1184235811233521e-02 ], [
       2.5164532661437988e-01, -1.4540889859199524e-01,
       -1.3299147598445415e-02 ], [ 1.6262063384056091e-01,
       -1.4987473189830780e-01, -9.9380342289805412e-03 ] ] }
   - { id: 4, corners:[ [ 6.8980073928833008e-01, 2.6879370212554932e-02,
       -1.4824195206165314e-01 ], [ 7.7857875823974609e-01,
       2.8073251247406006e-02, -1.5682561695575714e-01 ], [
       7.8095877170562744e-01, -6.0237966477870941e-02,
       -1.4449261128902435e-01 ], [ 6.9218075275421143e-01,
       -6.1431847512722015e-02, -1.3590894639492035e-01 ] ] }
   - { id: 5, corners:[ [ 6.9190204143524170e-01, -9.4704322516918182e-02,
       -1.3201478123664856e-01 ], [ 7.8047877550125122e-01,
       -9.3521974980831146e-02, -1.4247453212738037e-01 ], [
       7.8312659263610840e-01, -1.8181023001670837e-01,
       -1.3003221154212952e-01 ], [ 6.9454985857009888e-01,
       -1.8299257755279541e-01, -1.1957246065139771e-01 ] ] }
   - { id: 6, corners:[ [ 9.0300011634826660e-01, 2.9514148831367493e-02,
       -1.8008324503898621e-01 ], [ 9.9176549911499023e-01,
       3.3559493720531464e-02, -1.8789187073707581e-01 ], [
       9.9691843986511230e-01, -5.4547555744647980e-02,
       -1.7495992779731750e-01 ], [ 9.0815305709838867e-01,
       -5.8592900633811951e-02, -1.6715130209922791e-01 ] ] }
   - { id: 7, corners:[ [ 9.0954089164733887e-01, -9.3266434967517853e-02,
       -1.6250418126583099e-01 ], [ 9.9825048446655273e-01,
       -8.9164793491363525e-02, -1.7089566588401794e-01 ], [
       1.0034221410751343e+00, -1.7746773362159729e-01,
       -1.5938542783260345e-01 ], [ 9.1471254825592041e-01,
       -1.8156936764717102e-01, -1.5099394321441650e-01 ] ] }
   - { id: 8, corners:[ [ 1.6948810815811157e+00, 4.2778242379426956e-02,
       -2.0728892087936401e-01 ], [ 1.7840285301208496e+00,
       4.3451439589262009e-02, -2.0430360734462738e-01 ], [
       1.7840970754623413e+00, -4.3981064110994339e-02,
       -1.8663462996482849e-01 ], [ 1.6949496269226074e+00,
       -4.4654261320829391e-02, -1.8961994349956512e-01 ] ] }
   - { id: 9, corners:[ [ 1.6948692798614502e+00, -8.0018736422061920e-02,
       -1.8366044759750366e-01 ], [ 1.7840650081634521e+00,
       -7.9941354691982269e-02, -1.8278911709785461e-01 ], [
       1.7839615345001221e+00, -1.6723489761352539e-01,
       -1.6444605588912964e-01 ], [ 1.6947658061981201e+00,
       -1.6731226444244385e-01, -1.6531738638877869e-01 ] ] }
   - { id: 10, corners:[ [ 1.9077982902526855e+00, 4.4138416647911072e-02,
       -2.0629879832267761e-01 ], [ 1.9967458248138428e+00,
       4.1467778384685516e-02, -2.1245115995407104e-01 ], [
       1.9953474998474121e+00, -4.5941747725009918e-02,
       -1.9472381472587585e-01 ], [ 1.9063999652862549e+00,
       -4.3271109461784363e-02, -1.8857145309448242e-01 ] ] }
   - { id: 11, corners:[ [ 1.9058321714401245e+00,
       -7.9888328909873962e-02, -1.8400324881076813e-01 ], [
       1.9948042631149292e+00, -8.2788184285163879e-02,
       -1.8967816233634949e-01 ], [ 1.9931615591049194e+00,
       -1.6996993124485016e-01, -1.7088229954242706e-01 ], [
       1.9041894674301147e+00, -1.6707007586956024e-01,
       -1.6520738601684570e-01 ] ] }
   - { id: 12, corners:[ [ 2.3662548065185547e+00,
       -1.3474160432815552e-01, 3.2806321978569031e-01 ], [
       2.3732695579528809e+00, -1.5784291923046112e-01,
       4.1393384337425232e-01 ], [ 2.3162055015563965e+00,
       -2.2507438063621521e-01, 4.0050849318504333e-01 ], [
       2.3091907501220703e+00, -2.0197306573390961e-01,
       3.1463786959648132e-01 ] ] }
   - { id: 13, corners:[ [ 2.2882635593414307e+00,
       -2.3140329122543335e-01, 3.0729123950004578e-01 ], [
       2.2960889339447021e+00, -2.5466522574424744e-01,
       3.9304837584495544e-01 ], [ 2.2406051158905029e+00,
       -3.2318729162216187e-01, 3.7952437996864319e-01 ], [
       2.2327797412872314e+00, -2.9992535710334778e-01,
       2.9376724362373352e-01 ] ] }
   - { id: 14, corners:[ [ 2.3782269954681396e+00,
       -1.8867394328117371e-01, 5.3456354141235352e-01 ], [
       2.3849866390228271e+00, -2.1275351941585541e-01,
       6.2018555402755737e-01 ], [ 2.3265497684478760e+00,
       -2.7869081497192383e-01, 6.0625541210174561e-01 ], [
       2.3197901248931885e+00, -2.5461122393608093e-01,
       5.2063339948654175e-01 ] ] }
   - { id: 15, corners:[ [ 2.2994709014892578e+00,
       -2.8331357240676880e-01, 5.1291126012802124e-01 ], [
       2.3066487312316895e+00, -3.0726411938667297e-01,
       5.9853535890579224e-01 ], [ 2.2504205703735352e+00,
       -3.7502992153167725e-01, 5.8429366350173950e-01 ], [
       2.2432427406311035e+00, -3.5107937455177307e-01,
       4.9866953492164612e-01 ] ] }
   - { id: 16, corners:[ [ 2.4275114536285400e+00,
       -2.1993409097194672e-01, 1.0742572546005249e+00 ], [
       2.4305641651153564e+00, -2.4261979758739471e-01,
       1.1604702472686768e+00 ], [ 2.3978707790374756e+00,
       -3.2315796613693237e-01, 1.1404353380203247e+00 ], [
       2.3948180675506592e+00, -3.0047225952148438e-01,
       1.0542223453521729e+00 ] ] }
   - { id: 17, corners:[ [ 2.3818049430847168e+00,
       -3.3226156234741211e-01, 1.0447449684143066e+00 ], [
       2.3857309818267822e+00, -3.5506579279899597e-01,
       1.1308912038803101e+00 ], [ 2.3499150276184082e+00,
       -4.3442833423614502e-01, 1.1115150451660156e+00 ], [
       2.3459889888763428e+00, -4.1162410378456116e-01,
       1.0253688097000122e+00 ] ] }
   - { id: 18, corners:[ [ 2.4342639446258545e+00,
       -2.7716127038002014e-01, 1.2969079017639160e+00 ], [
       2.4367213249206543e+00, -2.9882562160491943e-01,
       1.3834021091461182e+00 ], [ 2.4048078060150146e+00,
       -3.7983450293540955e-01, 1.3640184402465820e+00 ], [
       2.4023504257202148e+00, -3.5817015171051025e-01,
       1.2775242328643799e+00 ] ] }
   - { id: 19, corners:[ [ 2.3889117240905762e+00,
       -3.8994586467742920e-01, 1.2691919803619385e+00 ], [
       2.3932964801788330e+00, -4.1224914789199829e-01,
       1.3554472923278809e+00 ], [ 2.3586373329162598e+00,
       -4.9223309755325317e-01, 1.3365275859832764e+00 ], [
       2.3542525768280029e+00, -4.6992981433868408e-01,
       1.2502722740173340e+00 ] ] }
   - { id: 20, corners:[ [ 2.5051133632659912e+00,
       -5.0860345363616943e-01, 1.7779203653335571e+00 ], [
       2.5100834369659424e+00, -5.3194588422775269e-01,
       1.8638684749603271e+00 ], [ 2.4555108547210693e+00,
       -6.0077250003814697e-01, 1.8483318090438843e+00 ], [
       2.4505407810211182e+00, -5.7743006944656372e-01,
       1.7623836994171143e+00 ] ] }
