%YAML:1.0
---
aruco_bc_dict:  CUSTOM
aruco_bc_nmarkers:  48
aruco_bc_mInfoType:  1
aruco_bc_markers:
   - { id: 0, corners:[ [ -4.4599760323762894e-02, 4.4600356370210648e-02,
       -9.5367431640625000e-07 ], [ 4.4600237160921097e-02,
       4.4600356370210648e-02, -9.5367431640625000e-07 ], [
       4.4600237160921097e-02, -4.4599641114473343e-02,
       -9.5367431640625000e-07 ], [ -4.4599760323762894e-02,
       -4.4599641114473343e-02, -9.5367431640625000e-07 ] ] }
   - { id: 1, corners:[ [ -4.3722163885831833e-02,
       -7.8705400228500366e-02, -2.4604876525700092e-03 ], [
       4.5409660786390305e-02, -8.0599963665008545e-02,
       4.6680960804224014e-04 ], [ 4.3738644570112228e-02,
       -1.6953390836715698e-01, -6.2115662731230259e-03 ], [
       -4.5393180102109909e-02, -1.6763934493064880e-01,
       -9.1388635337352753e-03 ] ] }
   - { id: 2, corners:[ [ 1.9608359038829803e-01, 3.7082988768815994e-02,
       1.2037752196192741e-02 ], [ 2.8527840971946716e-01,
       3.6120716482400894e-02, 1.2071173638105392e-02 ], [
       2.8431823849678040e-01, -5.3001876920461655e-02,
       8.4822699427604675e-03 ], [ 1.9512344896793365e-01,
       -5.2039604634046555e-02, 8.4488485008478165e-03 ] ] }
   - { id: 3, corners:[ [ 1.9597126543521881e-01, -8.7317168712615967e-02,
       7.8316153958439827e-03 ], [ 2.8516176342964172e-01,
       -8.8406220078468323e-02, 8.5446750745177269e-03 ], [
       2.8411972522735596e-01, -1.7742332816123962e-01,
       2.9314251150935888e-03 ], [ 1.9492921233177185e-01,
       -1.7633427679538727e-01, 2.2183654364198446e-03 ] ] }
   - { id: 4, corners:[ [ 9.4269347190856934e-01, -1.5142239630222321e-02,
       5.8154486119747162e-02 ], [ 1.0317761898040771e+00,
       -1.9661098718643188e-02, 5.7447694242000580e-02 ], [
       1.0274521112442017e+00, -1.0736045241355896e-01,
       7.3156468570232391e-02 ], [ 9.3836945295333862e-01,
       -1.0284159332513809e-01, 7.3863260447978973e-02 ] ] }
   - { id: 5, corners:[ [ 9.3648701906204224e-01, -1.3781878352165222e-01,
       8.0252900719642639e-02 ], [ 1.0255527496337891e+00,
       -1.4246816933155060e-01, 7.8732714056968689e-02 ], [
       1.0212024450302124e+00, -2.3043137788772583e-01,
       9.2881500720977783e-02 ], [ 9.3213671445846558e-01,
       -2.2578199207782745e-01, 9.4401687383651733e-02 ] ] }
   - { id: 6, corners:[ [ 1.1674236059188843e+00, -2.4672821164131165e-02,
       6.4125970005989075e-02 ], [ 1.2565758228302002e+00,
       -2.6159383356571198e-02, 6.6634804010391235e-02 ], [
       1.2547308206558228e+00, -1.1434108018875122e-01,
       7.9947382211685181e-02 ], [ 1.1655786037445068e+00,
       -1.1285451799631119e-01, 7.7438548207283020e-02 ] ] }
   - { id: 7, corners:[ [ 1.1645883321762085e+00, -1.4848279953002930e-01,
       8.2904599606990814e-02 ], [ 1.2537642717361450e+00,
       -1.4986810088157654e-01, 8.4446720778942108e-02 ], [
       1.2521635293960571e+00, -2.3804900050163269e-01,
       9.7796179354190826e-02 ], [ 1.1629875898361206e+00,
       -2.3666369915008545e-01, 9.6254058182239532e-02 ] ] }
   - { id: 8, corners:[ [ 1.9204621315002441e+00, -4.6853929758071899e-02,
       9.4147093594074249e-02 ], [ 2.0072956085205078e+00,
       -5.2015021443367004e-02, 1.1389444768428802e-01 ], [
       1.9989318847656250e+00, -1.3973532617092133e-01,
       1.2774500250816345e-01 ], [ 1.9120984077453613e+00,
       -1.3457423448562622e-01, 1.0799764096736908e-01 ] ] }
   - { id: 9, corners:[ [ 1.9102288484573364e+00, -1.6977792978286743e-01,
       1.0974620282649994e-01 ], [ 1.9973084926605225e+00,
       -1.7510509490966797e-01, 1.2833106517791748e-01 ], [
       1.9894794225692749e+00, -2.6322332024574280e-01,
       1.3975575566291809e-01 ], [ 1.9023997783660889e+00,
       -2.5789615511894226e-01, 1.2117089331150055e-01 ] ] }
   - { id: 10, corners:[ [ 2.1375966072082520e+00,
       -6.3235141336917877e-02, 1.1929281800985336e-01 ], [
       2.2079856395721436e+00, -6.7845955491065979e-02,
       1.7388916015625000e-01 ], [ 2.2058978080749512e+00,
       -1.5689072012901306e-01, 1.6906087100505829e-01 ], [
       2.1355087757110596e+00, -1.5227989852428436e-01,
       1.1446452140808105e-01 ] ] }
   - { id: 11, corners:[ [ 2.1204202175140381e+00,
       -1.8474879860877991e-01, 1.4792665839195251e-01 ], [
       2.2084603309631348e+00, -1.9319379329681396e-01,
       1.5951436758041382e-01 ], [ 2.1981866359710693e+00,
       -2.8063347935676575e-01, 1.7384579777717590e-01 ], [
       2.1101465225219727e+00, -2.7218848466873169e-01,
       1.6225808858871460e-01 ] ] }
   - { id: 12, corners:[ [ 2.6977331638336182e+00,
       -3.4813368320465088e-01, 8.2583093643188477e-01 ], [
       2.6928882598876953e+00, -3.7789005041122437e-01,
       9.0978163480758667e-01 ], [ 2.6357829570770264e+00,
       -4.4137334823608398e-01, 8.8398432731628418e-01 ], [
       2.6406278610229492e+00, -4.1161698102951050e-01,
       8.0003362894058228e-01 ] ] }
   - { id: 13, corners:[ [ 2.6224548816680908e+00,
       -4.3935376405715942e-01, 7.8546130657196045e-01 ], [
       2.6187617778778076e+00, -4.6941345930099487e-01,
       8.6936259269714355e-01 ], [ 2.5627558231353760e+00,
       -5.3395217657089233e-01, 8.4377491474151611e-01 ], [
       2.5664489269256592e+00, -5.0389248132705688e-01,
       7.5987362861633301e-01 ] ] }
   - { id: 14, corners:[ [ 2.6845760345458984e+00,
       -4.1894775629043579e-01, 1.0245918035507202e+00 ], [
       2.6816649436950684e+00, -4.5140716433525085e-01,
       1.1076252460479736e+00 ], [ 2.6225447654724121e+00,
       -5.1288771629333496e-01, 1.0815185308456421e+00 ], [
       2.6254558563232422e+00, -4.8042830824851990e-01,
       9.9848508834838867e-01 ] ] }
   - { id: 15, corners:[ [ 2.6050388813018799e+00,
       -5.0703531503677368e-01, 9.8575603961944580e-01 ], [
       2.6032738685607910e+00, -5.4001659154891968e-01,
       1.0686159133911133e+00 ], [ 2.5458791255950928e+00,
       -6.0302919149398804e-01, 1.0423120260238647e+00 ], [
       2.5476441383361816e+00, -5.7004791498184204e-01,
       9.5945215225219727e-01 ] ] }
   - { id: 16, corners:[ [ 2.5617234706878662e+00,
       -5.7466608285903931e-01, 1.7279372215270996e+00 ], [
       2.5515878200531006e+00, -6.0457408428192139e-01,
       1.8113603591918945e+00 ], [ 2.5105140209197998e+00,
       -6.7739301919937134e-01, 1.7802639007568359e+00 ], [
       2.5206496715545654e+00, -6.4748501777648926e-01,
       1.6968407630920410e+00 ] ] }
   - { id: 17, corners:[ [ 2.5008699893951416e+00,
       -6.7331582307815552e-01, 1.6861628293991089e+00 ], [
       2.4918766021728516e+00, -7.0409369468688965e-01,
       1.7694003582000732e+00 ], [ 2.4512908458709717e+00,
       -7.7706938982009888e-01, 1.7380319833755493e+00 ], [
       2.4602842330932617e+00, -7.4629151821136475e-01,
       1.6547944545745850e+00 ] ] }
   - { id: 18, corners:[ [ 2.5333998203277588e+00,
       -6.5245926380157471e-01, 1.9454911947250366e+00 ], [
       2.5236735343933105e+00, -6.8200963735580444e-01,
       2.0290904045104980e+00 ], [ 2.4856102466583252e+00,
       -7.5657558441162109e-01, 1.9983047246932983e+00 ], [
       2.4953365325927734e+00, -7.2702521085739136e-01,
       1.9147055149078369e+00 ] ] }
   - { id: 19, corners:[ [ 2.4778823852539062e+00,
       -7.5420987606048584e-01, 1.9032037258148193e+00 ], [
       2.4710586071014404e+00, -7.8543901443481445e-01,
       1.9864792823791504e+00 ], [ 2.4316029548645020e+00,
       -8.5922789573669434e-01, 1.9555747509002686e+00 ], [
       2.4384267330169678e+00, -8.2799875736236572e-01,
       1.8722991943359375e+00 ] ] }
   - { id: 20, corners:[ [ 2.5111908912658691e+00,
       -9.7755438089370728e-01, 2.5307672023773193e+00 ], [
       2.5069634914398193e+00, -1.0083022117614746e+00,
       2.6143934726715088e+00 ], [ 2.4444737434387207e+00,
       -1.0669565200805664e+00, 2.5896685123443604e+00 ], [
       2.4487011432647705e+00, -1.0362086296081543e+00,
       2.5060422420501709e+00 ] ] }
