%YAML:1.0
---
aruco_bc_dict: CUSTOM
aruco_bc_nmarkers: 51
aruco_bc_mInfoType: 1
aruco_bc_markers:
   - { id:0, corners:[ [ -7.5997136533260345e-02, 7.5999401509761810e-02,
       2.8610229492187500e-06 ], [ 7.6002858579158783e-02,
       7.5999401509761810e-02, 2.8610229492187500e-06 ], [
       7.6002858579158783e-02, -7.6000593602657318e-02,
       2.8610229492187500e-06 ], [ -7.5997136533260345e-02,
       -7.6000593602657318e-02, 2.8610229492187500e-06 ] ] }
   - { id:1, corners:[ [ -4.3199607729911804e-01,
       -1.9906848669052124e+00, 9.1444425582885742e+00 ], [
       -5.7893019914627075e-01, -1.9955627918243408e+00,
       9.1830511093139648e+00 ], [ -5.7309406995773315e-01,
       -2.1474204063415527e+00, 9.1860761642456055e+00 ], [
       -4.2615988850593567e-01, -2.1425426006317139e+00,
       9.1474676132202148e+00 ] ] }
   - { id:2, corners:[ [ -2.8296351432800293e+00, 2.1988090872764587e-01,
       3.3010996878147125e-02 ], [ -2.6778275966644287e+00,
       2.1225225925445557e-01, 3.3490635454654694e-02 ], [
       -2.6854710578918457e+00, 6.0819923877716064e-02,
       4.4159442186355591e-02 ], [ -2.8372786045074463e+00,
       6.8448573350906372e-02, 4.3679803609848022e-02 ] ] }
   - { id:3, corners:[ [ -1.0187906026840210e+00, 1.4142373204231262e-01,
       -1.1334545910358429e-02 ], [ -8.6747813224792480e-01,
       1.3451468944549561e-01, 1.3468163087964058e-03 ], [
       -8.7461012601852417e-01, -1.7299138009548187e-02,
       3.7336265668272972e-03 ], [ -1.0259225368499756e+00,
       -1.0390080511569977e-02, -8.9477356523275375e-03 ] ] }
   - { id:4, corners:[ [ 8.5127890110015869e-01, 5.2051812410354614e-02,
       -4.7108228318393230e-03 ], [ 1.0031812191009521e+00,
       4.6710938215255737e-02, -5.7820724323391914e-03 ], [
       9.9784910678863525e-01, -1.0519054532051086e-01,
       -4.5541874133050442e-03 ], [ 8.4594672918319702e-01,
       -9.9849671125411987e-02, -3.4829378128051758e-03 ] ] }
   - { id:5, corners:[ [ 2.7080836296081543e+00, -4.2509004473686218e-02,
       -7.9532869160175323e-02 ], [ 2.8593230247497559e+00,
       -5.6597635149955750e-02, -8.5200995206832886e-02 ], [
       2.8452110290527344e+00, -2.0794065296649933e-01,
       -8.5570670664310455e-02 ], [ 2.6939716339111328e+00,
       -1.9385202229022980e-01, -7.9902544617652893e-02 ] ] }
   - { id:6, corners:[ [ 4.4767436981201172e+00, -1.6278347373008728e-01,
       -2.0328892767429352e-01 ], [ 4.6279940605163574e+00,
       -1.6945883631706238e-01, -2.1680669486522675e-01 ], [
       4.6205005645751953e+00, -3.2100635766983032e-01,
       -2.2581730782985687e-01 ], [ 4.4692502021789551e+00,
       -3.1433099508285522e-01, -2.1229954063892365e-01 ] ] }
   - { id:7, corners:[ [ 6.2284202575683594e+00, -2.9683366417884827e-01,
       -4.6336513757705688e-01 ], [ 6.3789272308349609e+00,
       -3.0141612887382507e-01, -4.8411539196968079e-01 ], [
       6.3713521957397461e+00, -4.5165899395942688e-01,
       -5.0588005781173706e-01 ], [ 6.2208452224731445e+00,
       -4.4707652926445007e-01, -4.8512980341911316e-01 ] ] }
   - { id:8, corners:[ [ 7.9897270202636719e+00, -4.3134468793869019e-01,
       -7.4708247184753418e-01 ], [ 8.1366605758666992e+00,
       -4.4222140312194824e-01, -7.8444778919219971e-01 ], [
       8.1214160919189453e+00, -5.9258729219436646e-01,
       -8.0062472820281982e-01 ], [ 7.9744825363159180e+00,
       -5.8171057701110840e-01, -7.6325941085815430e-01 ] ] }
   - { id:9, corners:[ [ 1.0546759605407715e+01, -7.5413411855697632e-01,
       -6.9020485877990723e-01 ], [ 1.0601610183715820e+01,
       -7.8075051307678223e-01, -5.5096769332885742e-01 ], [
       1.0572022438049316e+01, -9.2890864610671997e-01,
       -5.6763398647308350e-01 ], [ 1.0517171859741211e+01,
       -9.0229225158691406e-01, -7.0687115192413330e-01 ] ] }
   - { id:10, corners:[ [ 9.9322090148925781e+00,
       -5.4632997512817383e-01, -9.2077916860580444e-01 ], [
       1.0008977890014648e+01, -5.1698219776153564e-01,
       -7.9291546344757080e-01 ], [ 9.9540939331054688e+00,
       -6.4435732364654541e-01, -7.3072749376296997e-01 ], [
       9.8773250579833984e+00, -6.7370510101318359e-01,
       -8.5859119892120361e-01 ] ] }
   - { id:11, corners:[ [ 1.0727987289428711e+01,
       -8.2952499389648438e-01, 1.2033376693725586e+00 ], [
       1.0744487762451172e+01, -8.4250175952911377e-01,
       1.3538812398910522e+00 ], [ 1.0731151580810547e+01,
       -9.9347424507141113e-01, 1.3423290252685547e+00 ], [
       1.0714651107788086e+01, -9.8049747943878174e-01,
       1.1917854547500610e+00 ] ] }
   - { id:12, corners:[ [ 1.0881685256958008e+01,
       -1.1690281629562378e+00, 2.8662838935852051e+00 ], [
       1.0896873474121094e+01, -1.1823543310165405e+00,
       3.0169346332550049e+00 ], [ 1.0853630065917969e+01,
       -1.3278247117996216e+00, 3.0084266662597656e+00 ], [
       1.0838441848754883e+01, -1.3144985437393188e+00,
       2.8577759265899658e+00 ] ] }
   - { id:13, corners:[ [ 1.1325403213500977e+01,
       -1.3386056423187256e+00, 4.5926475524902344e+00 ], [
       1.1359706878662109e+01, -1.3591241836547852e+00,
       4.7392978668212891e+00 ], [ 1.1315217971801758e+01,
       -1.5041313171386719e+00, 4.7294158935546875e+00 ], [
       1.1280914306640625e+01, -1.4836127758026123e+00,
       4.5827655792236328e+00 ] ] }
   - { id:14, corners:[ [ 1.1835073471069336e+01,
       -1.6029492616653442e+00, 6.2888302803039551e+00 ], [
       1.1818930625915527e+01, -1.6014287471771240e+00,
       6.4399633407592773e+00 ], [ 1.1736211776733398e+01,
       -1.7287257909774780e+00, 6.4324088096618652e+00 ], [
       1.1752354621887207e+01, -1.7302463054656982e+00,
       6.2812757492065430e+00 ] ] }
   - { id:15, corners:[ [ 8.0459957122802734e+00,
       -1.7791013717651367e+00, 8.2413835525512695e+00 ], [
       7.9283857345581055e+00, -1.7396790981292725e+00,
       8.1535329818725586e+00 ], [ 7.9120283126831055e+00,
       -1.8845202922821045e+00, 8.1104345321655273e+00 ], [
       8.0296382904052734e+00, -1.9239425659179688e+00,
       8.1982851028442383e+00 ] ] }
   - { id:16, corners:[ [ 6.3100891113281250e+00,
       -1.7129846811294556e+00, 8.1640186309814453e+00 ], [
       6.1600971221923828e+00, -1.7176386117935181e+00,
       8.1881990432739258e+00 ], [ 6.1585922241210938e+00,
       -1.8648878335952759e+00, 8.1505241394042969e+00 ], [
       6.3085842132568359e+00, -1.8602339029312134e+00,
       8.1263437271118164e+00 ] ] }
   - { id:17, corners:[ [ 4.2200980186462402e+00,
       -1.7805978059768677e+00, 8.3560457229614258e+00 ], [
       4.0688600540161133e+00, -1.7851994037628174e+00,
       8.3705310821533203e+00 ], [ 4.0706830024719238e+00,
       -1.9345120191574097e+00, 8.3421335220336914e+00 ], [
       4.2219209671020508e+00, -1.9299104213714600e+00,
       8.3276481628417969e+00 ] ] }
   - { id:18, corners:[ [ 2.3195736408233643e+00,
       -1.8537254333496094e+00, 8.6085834503173828e+00 ], [
       2.1693174839019775e+00, -1.8699256181716919e+00,
       8.6248512268066406e+00 ], [ 2.1847112178802490e+00,
       -2.0209224224090576e+00, 8.6166648864746094e+00 ], [
       2.3349673748016357e+00, -2.0047221183776855e+00,
       8.6003971099853516e+00 ] ] }
   - { id:19, corners:[ [ 3.0552542209625244e-01,
       -1.9807542562484741e+00, 8.9332189559936523e+00 ], [
       1.5710031986236572e-01, -1.9823008775711060e+00,
       8.9659538269042969e+00 ], [ 1.5935075283050537e-01,
       -2.1342542171478271e+00, 8.9689779281616211e+00 ], [
       3.0777585506439209e-01, -2.1327075958251953e+00,
       8.9362430572509766e+00 ] ] }
   - { id:20, corners:[ [ -1.2822000980377197e+00,
       -2.0513927936553955e+00, 9.3871717453002930e+00 ], [
       -1.4280114173889160e+00, -2.0544276237487793e+00,
       9.4299955368041992e+00 ], [ -1.4234340190887451e+00,
       -2.2062819004058838e+00, 9.4348192214965820e+00 ], [
       -1.2776226997375488e+00, -2.2032470703125000e+00,
       9.3919954299926758e+00 ] ] }
