%YAML:1.0
---
aruco_bc_dict:  CUSTOM
aruco_bc_nmarkers:  48
aruco_bc_mInfoType:  1
aruco_bc_markers:
   - { id: 0, corners:[ [ -4.4699523597955704e-02, 4.4700030237436295e-02,
       3.5762786865234375e-07 ], [ 4.4700477272272110e-02,
       4.4700030237436295e-02, 3.5762786865234375e-07 ], [
       4.4700477272272110e-02, -4.4699970632791519e-02,
       3.5762786865234375e-07 ], [ -4.4699523597955704e-02,
       -4.4699970632791519e-02, 3.5762786865234375e-07 ] ] }
   - { id: 1, corners:[ [ -4.3715935200452805e-02,
       -8.0753505229949951e-02, 2.0245858468115330e-04 ], [
       4.5588206499814987e-02, -7.9437211155891418e-02,
       4.1264588944613934e-03 ], [ 4.6810615807771683e-02,
       -1.6880281269550323e-01, 6.2838234007358551e-03 ], [
       -4.2493525892496109e-02, -1.7011910676956177e-01,
       2.3598233237862587e-03 ] ] }
   - { id: 2, corners:[ [ 1.9631879031658173e-01, 4.4854491949081421e-02,
       7.3560541495680809e-03 ], [ 2.8557413816452026e-01,
       4.7352746129035950e-02, 1.1783550493419170e-02 ], [
       2.8784576058387756e-01, -4.1901588439941406e-02,
       1.6351282596588135e-02 ], [ 1.9859042763710022e-01,
       -4.4399842619895935e-02, 1.1923787184059620e-02 ] ] }
   - { id: 3, corners:[ [ 1.9951364398002625e-01, -8.0034442245960236e-02,
       1.2286078184843063e-02 ], [ 2.8880158066749573e-01,
       -7.7726975083351135e-02, 1.6119660809636116e-02 ], [
       2.9099178314208984e-01, -1.6705760359764099e-01,
       1.8876632675528526e-02 ], [ 2.0170383155345917e-01,
       -1.6936507821083069e-01, 1.5043050982058048e-02 ] ] }
   - { id: 4, corners:[ [ 1.0444144010543823e+00, 8.6175352334976196e-03,
       1.0040184110403061e-01 ], [ 1.1337766647338867e+00,
       6.4805969595909119e-03, 1.0188362002372742e-01 ], [
       1.1313184499740601e+00, -7.9553045332431793e-02,
       1.2606067955493927e-01 ], [ 1.0419561862945557e+00,
       -7.7416107058525085e-02, 1.2457889318466187e-01 ] ] }
   - { id: 5, corners:[ [ 1.0411814451217651e+00, -1.1325335502624512e-01,
       1.3200725615024567e-01 ], [ 1.1305440664291382e+00,
       -1.1579187214374542e-01, 1.3250730931758881e-01 ], [
       1.1279653310775757e+00, -2.0177879929542542e-01,
       1.5683750808238983e-01 ], [ 1.0386027097702026e+00,
       -1.9924028217792511e-01, 1.5633745491504669e-01 ] ] }
   - { id: 6, corners:[ [ 1.2677038908004761e+00, 3.1359791755676270e-03,
       1.0427935421466827e-01 ], [ 1.3570904731750488e+00,
       3.1475126743316650e-03, 1.0272791236639023e-01 ], [
       1.3575161695480347e+00, -8.3001084625720978e-02,
       1.2661510705947876e-01 ], [ 1.2681295871734619e+00,
       -8.3012618124485016e-02, 1.2816655635833740e-01 ] ] }
   - { id: 7, corners:[ [ 1.2680943012237549e+00, -1.1907211691141129e-01,
       1.3681809604167938e-01 ], [ 1.3574833869934082e+00,
       -1.1923028528690338e-01, 1.3543434441089630e-01 ], [
       1.3576900959014893e+00, -2.0556172728538513e-01,
       1.5865503251552582e-01 ], [ 1.2683010101318359e+00,
       -2.0540355145931244e-01, 1.6003878414630890e-01 ] ] }
   - { id: 8, corners:[ [ 1.9541933536529541e+00, -2.1044410765171051e-02,
       1.4720731973648071e-01 ], [ 2.0430269241333008e+00,
       -2.4828299880027771e-02, 1.5651452541351318e-01 ], [
       2.0370471477508545e+00, -1.1129235476255417e-01,
       1.7843642830848694e-01 ], [ 1.9482135772705078e+00,
       -1.0750846564769745e-01, 1.6912922263145447e-01 ] ] }
   - { id: 9, corners:[ [ 1.9458435773849487e+00, -1.4475795626640320e-01,
       1.7726562917232513e-01 ], [ 2.0348100662231445e+00,
       -1.4916604757308960e-01, 1.8487371504306793e-01 ], [
       2.0286862850189209e+00, -2.3573780059814453e-01,
       2.0632575452327728e-01 ], [ 1.9397196769714355e+00,
       -2.3132970929145813e-01, 1.9871766865253448e-01 ] ] }
   - { id: 10, corners:[ [ 2.1701860427856445e+00,
       -3.1812477856874466e-02, 1.6722963750362396e-01 ], [
       2.2591447830200195e+00, -4.0429767221212387e-02,
       1.6512781381607056e-01 ], [ 2.2513360977172852e+00,
       -1.2656311690807343e-01, 1.8776471912860870e-01 ], [
       2.1623773574829102e+00, -1.1794582009315491e-01,
       1.8986654281616211e-01 ] ] }
   - { id: 11, corners:[ [ 2.1593165397644043e+00,
       -1.5530042350292206e-01, 1.9710320234298706e-01 ], [
       2.2482841014862061e+00, -1.6396579146385193e-01,
       1.9567377865314484e-01 ], [ 2.2402434349060059e+00,
       -2.5018435716629028e-01, 2.1790137887001038e-01 ], [
       2.1512758731842041e+00, -2.4151900410652161e-01,
       2.1933080255985260e-01 ] ] }
   - { id: 12, corners:[ [ 2.8451018333435059e+00,
       -2.6714897155761719e-01, 8.1382238864898682e-01 ], [
       2.8539977073669434e+00, -2.9139456152915955e-01,
       8.9941084384918213e-01 ], [ 2.7966761589050293e+00,
       -3.5873335599899292e-01, 8.8629281520843506e-01 ], [
       2.7877802848815918e+00, -3.3448776602745056e-01,
       8.0070436000823975e-01 ] ] }
   - { id: 13, corners:[ [ 2.7619009017944336e+00,
       -3.6338955163955688e-01, 7.9599684476852417e-01 ], [
       2.7724504470825195e+00, -3.8849535584449768e-01,
       8.8114821910858154e-01 ], [ 2.7160458564758301e+00,
       -4.5660865306854248e-01, 8.6805409193038940e-01 ], [
       2.7054963111877441e+00, -4.3150284886360168e-01,
       7.8290271759033203e-01 ] ] }
   - { id: 14, corners:[ [ 2.8640103340148926e+00,
       -3.2418560981750488e-01, 1.0247766971588135e+00 ], [
       2.8721082210540771e+00, -3.5004305839538574e-01,
       1.1099716424942017e+00 ], [ 2.8141665458679199e+00,
       -4.1652524471282959e-01, 1.0953011512756348e+00 ], [
       2.8060686588287354e+00, -3.9066779613494873e-01,
       1.0101062059402466e+00 ] ] }
   - { id: 15, corners:[ [ 2.7797114849090576e+00,
       -4.1967767477035522e-01, 1.0048886537551880e+00 ], [
       2.7896595001220703e+00, -4.4650337100028992e-01,
       1.0895868539810181e+00 ], [ 2.7329332828521729e+00,
       -5.1401489973068237e-01, 1.0748671293258667e+00 ], [
       2.7229852676391602e+00, -4.8718920350074768e-01,
       9.9016898870468140e-01 ] ] }
   - { id: 16, corners:[ [ 2.8505601882934570e+00,
       -4.3136349320411682e-01, 1.7845875024795532e+00 ], [
       2.8530936241149902e+00, -4.5435321331024170e-01,
       1.8709437847137451e+00 ], [ 2.8098983764648438e+00,
       -5.3029662370681763e-01, 1.8519934415817261e+00 ], [
       2.8073649406433105e+00, -5.0730693340301514e-01,
       1.7656371593475342e+00 ] ] }
   - { id: 17, corners:[ [ 2.7886383533477783e+00,
       -5.4051166772842407e-01, 1.7576289176940918e+00 ], [
       2.7910928726196289e+00, -5.6321632862091064e-01,
       1.8440629243850708e+00 ], [ 2.7468397617340088e+00,
       -6.3864606618881226e-01, 1.8255054950714111e+00 ], [
       2.7443852424621582e+00, -6.1594140529632568e-01,
       1.7390714883804321e+00 ] ] }
   - { id: 18, corners:[ [ 2.8604078292846680e+00,
       -4.9622648954391479e-01, 2.0152397155761719e+00 ], [
       2.8590080738067627e+00, -5.1643711328506470e-01,
       2.1023139953613281e+00 ], [ 2.8162331581115723e+00,
       -5.9275263547897339e-01, 2.0839128494262695e+00 ], [
       2.8176329135894775e+00, -5.7254201173782349e-01,
       1.9968385696411133e+00 ] ] }
   - { id: 19, corners:[ [ 2.7980372905731201e+00,
       -6.0388189554214478e-01, 1.9901847839355469e+00 ], [
       2.7998065948486328e+00, -6.2552332878112793e-01,
       2.0769076347351074e+00 ], [ 2.7547414302825928e+00,
       -7.0064765214920044e-01, 2.0590801239013672e+00 ], [
       2.7529721260070801e+00, -6.7900621891021729e-01,
       1.9723571538925171e+00 ] ] }
   - { id: 20, corners:[ [ 2.8450698852539062e+00,
       -7.3385357856750488e-01, 2.6740479469299316e+00 ], [
       2.8400483131408691e+00, -7.4734795093536377e-01,
       2.7622807025909424e+00 ], [ 2.7796368598937988e+00,
       -8.1188988685607910e-01, 2.7489714622497559e+00 ], [
       2.7846584320068359e+00, -7.9839551448822021e-01,
       2.6607387065887451e+00 ] ] }
