%YAML:1.0
---
aruco_bc_dict:  CUSTOM
aruco_bc_nmarkers:  48
aruco_bc_mInfoType:  1
aruco_bc_markers:
   - { id: 0, corners:[ [ -4.4599641114473343e-02, 4.4599700719118118e-02,
       1.1778265616158023e-06 ], [ 4.4600356370210648e-02,
       4.4599700719118118e-02, -1.4380066204466857e-06 ], [
       4.4600356370210648e-02, -4.4600296765565872e-02,
       -1.6546637198189273e-06 ], [ -4.4599641114473343e-02,
       -4.4600296765565872e-02, 9.6116946224356070e-07 ] ] }
   - { id: 1, corners:[ [ -4.5142598450183868e-02,
       -8.0541893839836121e-02, -2.0234044641256332e-03 ], [
       4.4052377343177795e-02, -8.0511331558227539e-02,
       -1.0770055232569575e-03 ], [ 4.4108770787715912e-02,
       -1.6967807710170746e-01, -3.5116001963615417e-03 ], [
       -4.5086205005645752e-02, -1.6970863938331604e-01,
       -4.4579990208148956e-03 ] ] }
   - { id: 2, corners:[ [ 1.9337965548038483e-01, 4.2561046779155731e-02,
       -5.4432312026619911e-06 ], [ 2.8254386782646179e-01,
       4.3456047773361206e-02, -2.3675849661231041e-03 ], [
       2.8345787525177002e-01, -4.5736476778984070e-02,
       -1.6615408239886165e-03 ], [ 1.9429364800453186e-01,
       -4.6631477773189545e-02, 7.0060102734714746e-04 ] ] }
   - { id: 3, corners:[ [ 1.9448424875736237e-01, -8.2381673157215118e-02,
       -2.1100456360727549e-03 ], [ 2.8367793560028076e-01,
       -8.1466980278491974e-02, -2.6453989557921886e-03 ], [
       2.8459125757217407e-01, -1.7066201567649841e-01,
       -2.8756081592291594e-03 ], [ 1.9539757072925568e-01,
       -1.7157670855522156e-01, -2.3402548395097256e-03 ] ] }
   - { id: 4, corners:[ [ 8.2653856277465820e-01, 2.8164578601717949e-02,
       5.6903557851910591e-03 ], [ 9.1567635536193848e-01,
       2.7226028963923454e-02, 2.4944571778178215e-03 ], [
       9.1503906250000000e-01, -6.1584189534187317e-02,
       1.0799801908433437e-02 ], [ 8.2590126991271973e-01,
       -6.0645639896392822e-02, 1.3995700515806675e-02 ] ] }
   - { id: 5, corners:[ [ 8.2570242881774902e-01, -9.5747232437133789e-02,
       1.5879562124609947e-02 ], [ 9.1484761238098145e-01,
       -9.6706867218017578e-02, 1.2904522940516472e-02 ], [
       9.1407704353332520e-01, -1.8572610616683960e-01,
       1.8527729436755180e-02 ], [ 8.2493185997009277e-01,
       -1.8476647138595581e-01, 2.1502768620848656e-02 ] ] }
   - { id: 6, corners:[ [ 1.0501836538314819e+00, 2.6069367304444313e-02,
       -3.2181816641241312e-03 ], [ 1.1392729282379150e+00,
       2.7743378654122353e-02, -7.3346970602869987e-03 ], [
       1.1413286924362183e+00, -6.1037786304950714e-02,
       1.0509432759135962e-03 ], [ 1.0522394180297852e+00,
       -6.2711797654628754e-02, 5.1674591377377510e-03 ] ] }
   - { id: 7, corners:[ [ 1.0530360937118530e+00, -9.7940653562545776e-02,
       6.9291358813643456e-03 ], [ 1.1421567201614380e+00,
       -9.6091389656066895e-02, 3.6504231393337250e-03 ], [
       1.1442021131515503e+00, -1.8510481715202332e-01,
       9.0416157618165016e-03 ], [ 1.0550814867019653e+00,
       -1.8695408105850220e-01, 1.2320328503847122e-02 ] ] }
   - { id: 8, corners:[ [ 1.8623858690261841e+00, 5.4681897163391113e-03,
       6.4536817371845245e-03 ], [ 1.9508049488067627e+00,
       2.9355809092521667e-03, 1.7955668270587921e-02 ], [
       1.9470969438552856e+00, -8.5733719170093536e-02,
       2.6935987174510956e-02 ], [ 1.8586778640747070e+00,
       -8.3201110363006592e-02, 1.5433999709784985e-02 ] ] }
   - { id: 9, corners:[ [ 1.8569850921630859e+00, -1.1839300394058228e-01,
       1.9650127738714218e-02 ], [ 1.9456501007080078e+00,
       -1.2117445468902588e-01, 2.8999924659729004e-02 ], [
       1.9419686794281006e+00, -2.0989045500755310e-01,
       3.7518069148063660e-02 ], [ 1.8533036708831787e+00,
       -2.0710900425910950e-01, 2.8168272227048874e-02 ] ] }
   - { id: 10, corners:[ [ 2.0784859657287598e+00,
       -3.6136731505393982e-03, 2.6582308113574982e-02 ], [
       2.1675164699554443e+00, -9.0361088514328003e-03,
       2.7461601421236992e-02 ], [ 2.1620335578918457e+00,
       -9.7628340125083923e-02, 3.6292970180511475e-02 ], [
       2.0730030536651611e+00, -9.2205904424190521e-02,
       3.5413675010204315e-02 ] ] }
   - { id: 11, corners:[ [ 2.0707283020019531e+00,
       -1.2781286239624023e-01, 3.8078676909208298e-02 ], [
       2.1597526073455811e+00, -1.3322609663009644e-01,
       3.9503619074821472e-02 ], [ 2.1542263031005859e+00,
       -2.2183382511138916e-01, 4.8150617629289627e-02 ], [
       2.0652019977569580e+00, -2.1642059087753296e-01,
       4.6725675463676453e-02 ] ] }
   - { id: 12, corners:[ [ 2.5059506893157959e+00,
       -2.6183140277862549e-01, 5.6070071458816528e-01 ], [
       2.5070767402648926e+00, -2.9571279883384705e-01,
       6.4320784807205200e-01 ], [ 2.4494063854217529e+00,
       -3.5893452167510986e-01, 6.1803299188613892e-01 ], [
       2.4482803344726562e+00, -3.2505312561988831e-01,
       5.3552585840225220e-01 ] ] }
   - { id: 13, corners:[ [ 2.4256255626678467e+00,
       -3.5021373629570007e-01, 5.2575075626373291e-01 ], [
       2.4275450706481934e+00, -3.8455933332443237e-01,
       6.0805100202560425e-01 ], [ 2.3717997074127197e+00,
       -4.4927582144737244e-01, 5.8234369754791260e-01 ], [
       2.3698801994323730e+00, -4.1493022441864014e-01,
       5.0004345178604126e-01 ] ] }
   - { id: 14, corners:[ [ 2.5089423656463623e+00,
       -3.4086397290229797e-01, 7.5532692670822144e-01 ], [
       2.5104887485504150e+00, -3.7615275382995605e-01,
       8.3723509311676025e-01 ], [ 2.4515516757965088e+00,
       -4.3804135918617249e-01, 8.1168407201766968e-01 ], [
       2.4500052928924561e+00, -4.0275257825851440e-01,
       7.2977590560913086e-01 ] ] }
   - { id: 15, corners:[ [ 2.4272360801696777e+00,
       -4.2744290828704834e-01, 7.1963667869567871e-01 ], [
       2.4294023513793945e+00, -4.6316733956336975e-01,
       8.0134171247482300e-01 ], [ 2.3728818893432617e+00,
       -5.2693301439285278e-01, 7.7495944499969482e-01 ], [
       2.3707156181335449e+00, -4.9120858311653137e-01,
       6.9325441122055054e-01 ] ] }
   - { id: 16, corners:[ [ 2.5378224849700928e+00,
       -4.4474378228187561e-01, 1.2798186540603638e+00 ], [
       2.5364987850189209e+00, -4.7829422354698181e-01,
       1.3624579906463623e+00 ], [ 2.5029194355010986e+00,
       -5.5467391014099121e-01, 1.3309110403060913e+00 ], [
       2.5042431354522705e+00, -5.2112352848052979e-01,
       1.2482717037200928e+00 ] ] }
   - { id: 17, corners:[ [ 2.4901230335235596e+00,
       -5.5080008506774902e-01, 1.2360283136367798e+00 ], [
       2.4888386726379395e+00, -5.8440303802490234e-01,
       1.3186469078063965e+00 ], [ 2.4527242183685303e+00,
       -6.5975761413574219e-01, 1.2874368429183960e+00 ], [
       2.4540085792541504e+00, -6.2615466117858887e-01,
       1.2048182487487793e+00 ] ] }
   - { id: 18, corners:[ [ 2.5343933105468750e+00,
       -5.3282541036605835e-01, 1.4948346614837646e+00 ], [
       2.5330634117126465e+00, -5.6556844711303711e-01,
       1.5777970552444458e+00 ], [ 2.5002708435058594e+00,
       -6.4254897832870483e-01, 1.5468893051147461e+00 ], [
       2.5016007423400879e+00, -6.0980594158172607e-01,
       1.4639269113540649e+00 ] ] }
   - { id: 19, corners:[ [ 2.4875941276550293e+00,
       -6.3956677913665771e-01, 1.4519605636596680e+00 ], [
       2.4873404502868652e+00, -6.7282551527023315e-01,
       1.5347278118133545e+00 ], [ 2.4518780708312988e+00,
       -7.4873352050781250e-01, 1.5041167736053467e+00 ], [
       2.4521317481994629e+00, -7.1547478437423706e-01,
       1.4213495254516602e+00 ] ] }
   - { id: 20, corners:[ [ 2.5776267051696777e+00,
       -8.3482414484024048e-01, 1.9573532342910767e+00 ], [
       2.5738000869750977e+00, -8.6732822656631470e-01,
       2.0403320789337158e+00 ], [ 2.5196771621704102e+00,
       -9.3246454000473022e-01, 2.0123212337493896e+00 ], [
       2.5235037803649902e+00, -8.9996045827865601e-01,
       1.9293423891067505e+00 ] ] }
