%YAML:1.0
---
image_width: 640
image_height: 480
camera_matrix: !!opencv-matrix
   rows: 3
   cols: 3
   dt: f
   data: [ 6.19899414e+02, 0., 3.16723267e+02, 0., 6.21919800e+02,
       2.44999649e+02, 0., 0., 1. ]
distortion_coefficients: !!opencv-matrix
   rows: 1
   cols: 5
   dt: f
   data: [ 5.02827950e-02, -3.07291150e-01, 8.85539688e-04,
       1.14218111e-03, 3.43630284e-01 ]
