%YAML:1.0
---
image_width: 640
image_height: 480
camera_matrix: !!opencv-matrix
   rows: 3
   cols: 3
   dt: d
   data: [ 8.4123462814766776e+02, 0., 3.5568035101978012e+02, 0.,
       8.2587931805856681e+02, 1.9376394367274028e+02, 0., 0., 1. ]
distortion_coefficients: !!opencv-matrix
   rows: 1
   cols: 5
   dt: d
   data: [ 3.4964393088109585e-01, -2.9045112207853654e+00,
       -3.1248032472780906e-03, 1.2875031116023805e-02,
       6.7123146360117758e+00 ]
