%YAML:1.0
---
image_width: 3024
image_height: 4032
camera_matrix: !!opencv-matrix
   rows: 3
   cols: 3
   dt: d
   data: [ 3.4620397738168167e+03, 0., 1.4966654053791362e+03, 0.,
       3.4613292225704927e+03, 2.0248736485041711e+03, 0., 0., 1. ]
distortion_coefficients: !!opencv-matrix
   rows: 1
   cols: 5
   dt: d
   data: [ 5.8778258729907253e-02, -2.5333839325419976e-02,
       1.8782940806650445e-04, 5.5790677044248547e-04,
       -1.9183338520424770e-01 ]
