%YAML:1.0
---
image_width: 4640
image_height: 2610
camera_matrix: !!opencv-matrix
   rows: 3
   cols: 3
   dt: d
   data: [ 3.7598880644014894e+03, 0., 2.4184374686667657e+03, 0.,
       3.7721364476263880e+03, 1.3464934170436111e+03, 0., 0., 1. ]
distortion_coefficients: !!opencv-matrix
   rows: 1
   cols: 5
   dt: d
   data: [ 2.9335861685585424e-01, -1.9619725288607055e+00,
       -7.5218188622595773e-04, 8.1608278845102054e-03,
       4.0706160568124021e+00 ]
