%YAML:1.0
---
image_width: 2610
image_height: 4640
camera_matrix: !!opencv-matrix
   rows: 3
   cols: 3
   dt: d
   data: [ 3.7592981700895289e+03, 0., 1.3762533017261808e+03, 0.,
       3.7678834428454775e+03, 2.2914364049887849e+03, 0., 0., 1. ]
distortion_coefficients: !!opencv-matrix
   rows: 1
   cols: 5
   dt: d
   data: [ 2.0061314880012698e-01, -1.8189682673529617e+00,
       9.5175767867119196e-05, 2.2729084718516733e-03,
       4.3877120692924878e+00 ]
