%YAML:1.0
---
image_width: 640
image_height: 480
camera_matrix: !!opencv-matrix
   rows: 3
   cols: 3
   dt: d
   data: [ 1.6756277415014032e+04, 0., 2.7637535268728141e+02, 0.,
       3.1176908641935001e+03, 3.1920169725769807e+02, 0., 0., 1. ]
distortion_coefficients: !!opencv-matrix
   rows: 1
   cols: 5
   dt: d
   data: [ 2.0056405430520321e+01, -9.3671285759371767e+02,
       2.2099902673996059e+00, -3.6177174528514039e-01,
       2.5118776281697752e+04 ]
