%YAML:1.0
---
image_width: 640
image_height: 480
camera_matrix: !!opencv-matrix
   rows: 3
   cols: 3
   dt: f
   data: [ 4.85681549e+02, 0., 3.18428589e+02, 0., 4.90397858e+02,
       3.03809784e+02, 0., 0., 1. ]
distortion_coefficients: !!opencv-matrix
   rows: 1
   cols: 5
   dt: f
   data: [ -1.24961041e-01, -3.84860694e-01, 2.43340693e-02,
       9.61641315e-03, 1.47880292e+00 ]
