%YAML:1.0
---
aruco_bc_dict:  CUSTOM
aruco_bc_nmarkers:  48
aruco_bc_mInfoType:  1
aruco_bc_markers:
   - { id: 0, corners:[ [ -4.4599749147891998e-02, 4.4600099325180054e-02,
       2.7696937650034670e-06 ], [ 4.4600248336791992e-02,
       4.4600076973438263e-02, 2.9226123388070846e-07 ], [
       4.4600225985050201e-02, -4.4599920511245728e-02,
       -3.7233680814097170e-06 ], [ -4.4599771499633789e-02,
       -4.4599898159503937e-02, -1.2459355502869585e-06 ] ] }
   - { id: 1, corners:[ [ -4.2643308639526367e-02,
       -8.0223165452480316e-02, 6.9799722405150533e-04 ], [
       4.6551138162612915e-02, -7.9410284757614136e-02,
       1.2402568245306611e-04 ], [ 4.7346368432044983e-02,
       -1.6856622695922852e-01, -2.5642290711402893e-03 ], [
       -4.1848078370094299e-02, -1.6937910020351410e-01,
       -1.9902575295418501e-03 ] ] }
   - { id: 2, corners:[ [ 1.9124063849449158e-01, 4.2552147060632706e-02,
       -8.5975760594010353e-03 ], [ 2.8037229180335999e-01,
       4.4691849499940872e-02, -1.1356031522154808e-02 ], [
       2.8254461288452148e-01, -4.4475790113210678e-02,
       -1.0330175049602985e-02 ], [ 1.9341295957565308e-01,
       -4.6615492552518845e-02, -7.5717191211879253e-03 ] ] }
   - { id: 3, corners:[ [ 1.9496394693851471e-01, -8.1561602652072906e-02,
       -7.5635043904185295e-03 ], [ 2.8411877155303955e-01,
       -7.9469345510005951e-02, -9.4818240031599998e-03 ], [
       2.8618669509887695e-01, -1.6863802075386047e-01,
       -1.0626862756907940e-02 ], [ 1.9703188538551331e-01,
       -1.7073026299476624e-01, -8.7085431441664696e-03 ] ] }
   - { id: 4, corners:[ [ 9.2999601364135742e-01, 8.9412443339824677e-03,
       -3.4478735178709030e-02 ], [ 1.0191396474838257e+00,
       8.3990283310413361e-03, -3.7603605538606644e-02 ], [
       1.0195139646530151e+00, -7.7074840664863586e-02,
       -1.2094466947019100e-02 ], [ 9.3037033081054688e-01,
       -7.6532632112503052e-02, -8.9695984497666359e-03 ] ] }
   - { id: 5, corners:[ [ 9.3040132522583008e-01, -1.1103332042694092e-01,
       -1.6083531081676483e-03 ], [ 1.0195473432540894e+00,
       -1.1150184273719788e-01, -4.6745929867029190e-03 ], [
       1.0198942422866821e+00, -1.9761940836906433e-01,
       1.8569456413388252e-02 ], [ 9.3074822425842285e-01,
       -1.9715088605880737e-01, 2.1635696291923523e-02 ] ] }
   - { id: 6, corners:[ [ 1.1541349887847900e+00, 7.0132911205291748e-03,
       -4.3703146278858185e-02 ], [ 1.2429370880126953e+00,
       7.2975084185600281e-03, -5.2113458514213562e-02 ], [
       1.2456760406494141e+00, -7.7973447740077972e-02,
       -2.6074998080730438e-02 ], [ 1.1568739414215088e+00,
       -7.8257665038108826e-02, -1.7664687708020210e-02 ] ] }
   - { id: 7, corners:[ [ 1.1577744483947754e+00, -1.1374782025814056e-01,
       -1.2875067070126534e-02 ], [ 1.2467523813247681e+00,
       -1.1263589560985565e-01, -1.9067483022809029e-02 ], [
       1.2493751049041748e+00, -1.9899480044841766e-01,
       3.1113475561141968e-03 ], [ 1.1603971719741821e+00,
       -2.0010672509670258e-01, 9.3037635087966919e-03 ] ] }
   - { id: 8, corners:[ [ 1.9058457612991333e+00, 6.9990418851375580e-03,
       -9.2442095279693604e-02 ], [ 1.9945393800735474e+00,
       5.2703805267810822e-03, -8.3110183477401733e-02 ], [
       1.9902542829513550e+00, -8.0282524228096008e-02,
       -5.8230888098478317e-02 ], [ 1.9015606641769409e+00,
       -7.8553855419158936e-02, -6.7562803626060486e-02 ] ] }
   - { id: 9, corners:[ [ 1.8993122577667236e+00, -1.1280255019664764e-01,
       -5.7393297553062439e-02 ], [ 1.9881930351257324e+00,
       -1.1521898210048676e-01, -5.0250522792339325e-02 ], [
       1.9839358329772949e+00, -2.0104081928730011e-01,
       -2.6310408487915993e-02 ], [ 1.8950550556182861e+00,
       -1.9862438738346100e-01, -3.3453181385993958e-02 ] ] }
   - { id: 10, corners:[ [ 2.1202161312103271e+00, 2.9853768646717072e-03,
       -6.7781567573547363e-02 ], [ 2.2092235088348389e+00,
       -2.8678514063358307e-03, -6.7496962845325470e-02 ], [
       2.2035019397735596e+00, -8.8732272386550903e-02,
       -4.4019248336553574e-02 ], [ 2.1144945621490479e+00,
       -8.2879051566123962e-02, -4.4303849339485168e-02 ] ] }
   - { id: 11, corners:[ [ 2.1110038757324219e+00,
       -1.1689895391464233e-01, -3.4327499568462372e-02 ], [
       2.2000126838684082e+00, -1.2268185615539551e-01,
       -3.3530384302139282e-02 ], [ 2.1942238807678223e+00,
       -2.0855027437210083e-01, -1.0083781555294991e-02 ], [
       2.1052150726318359e+00, -2.0276737213134766e-01,
       -1.0880898684263229e-02 ] ] }
   - { id: 12, corners:[ [ 2.7474720478057861e+00,
       -1.8868677318096161e-01, 5.9414058923721313e-01 ], [
       2.7483162879943848e+00, -2.0777514576911926e-01,
       6.8127012252807617e-01 ], [ 2.6926085948944092e+00,
       -2.7593749761581421e-01, 6.6687685251235962e-01 ], [
       2.6917643547058105e+00, -2.5684913992881775e-01,
       5.7974731922149658e-01 ] ] }
   - { id: 13, corners:[ [ 2.6707589626312256e+00,
       -2.8425088524818420e-01, 5.7418918609619141e-01 ], [
       2.6721625328063965e+00, -3.0358919501304626e-01,
       6.6125643253326416e-01 ], [ 2.6176636219024658e+00,
       -3.7270548939704895e-01, 6.4678370952606201e-01 ], [
       2.6162600517272949e+00, -3.5336717963218689e-01,
       5.5971646308898926e-01 ] ] }
   - { id: 14, corners:[ [ 2.7594697475433350e+00,
       -2.3926921188831329e-01, 7.9418373107910156e-01 ], [
       2.7605419158935547e+00, -2.5957086682319641e-01,
       8.8103610277175903e-01 ], [ 2.7021396160125732e+00,
       -3.2538002729415894e-01, 8.6637425422668457e-01 ], [
       2.7010674476623535e+00, -3.0507835745811462e-01,
       7.7952188253402710e-01 ] ] }
   - { id: 15, corners:[ [ 2.6774270534515381e+00,
       -3.3039200305938721e-01, 7.7496469020843506e-01 ], [
       2.6799709796905518e+00, -3.5169863700866699e-01,
       8.6154526472091675e-01 ], [ 2.6235110759735107e+00,
       -4.1912186145782471e-01, 8.4661197662353516e-01 ], [
       2.6209671497344971e+00, -3.9781522750854492e-01,
       7.6003140211105347e-01 ] ] }
   - { id: 16, corners:[ [ 2.7194349765777588e+00,
       -3.2172378897666931e-01, 1.5083206892013550e+00 ], [
       2.7155485153198242e+00, -3.4075376391410828e-01,
       1.5953804254531860e+00 ], [ 2.6723239421844482e+00,
       -4.1655650734901428e-01, 1.5768815279006958e+00 ], [
       2.6762104034423828e+00, -3.9752653241157532e-01,
       1.4898217916488647e+00 ] ] }
   - { id: 17, corners:[ [ 2.6626157760620117e+00,
       -4.3014758825302124e-01, 1.4819327592849731e+00 ], [
       2.6582629680633545e+00, -4.4869589805603027e-01,
       1.5690742731094360e+00 ], [ 2.6145296096801758e+00,
       -5.2426236867904663e-01, 1.5508052110671997e+00 ], [
       2.6188824176788330e+00, -5.0571405887603760e-01,
       1.4636636972427368e+00 ] ] }
   - { id: 18, corners:[ [ 2.7101061344146729e+00,
       -3.7330925464630127e-01, 1.7362838983535767e+00 ], [
       2.7065093517303467e+00, -3.9171490073204041e-01,
       1.8234902620315552e+00 ], [ 2.6664340496063232e+00,
       -4.6933788061141968e-01, 1.8054543733596802e+00 ], [
       2.6700308322906494e+00, -4.5093223452568054e-01,
       1.7182480096817017e+00 ] ] }
   - { id: 19, corners:[ [ 2.6563239097595215e+00,
       -4.8316642642021179e-01, 1.7107241153717041e+00 ], [
       2.6542193889617920e+00, -5.0245141983032227e-01,
       1.7977889776229858e+00 ], [ 2.6126160621643066e+00,
       -5.7926964759826660e-01, 1.7797679901123047e+00 ], [
       2.6147205829620361e+00, -5.5998468399047852e-01,
       1.6927031278610229e+00 ] ] }
   - { id: 20, corners:[ [ 2.7217259407043457e+00,
       -6.1098700761795044e-01, 2.3630959987640381e+00 ], [
       2.7225298881530762e+00, -6.2876093387603760e-01,
       2.4505035877227783e+00 ], [ 2.6661372184753418e+00,
       -6.9658666849136353e-01, 2.4372303485870361e+00 ], [
       2.6653332710266113e+00, -6.7881274223327637e-01,
       2.3498227596282959e+00 ] ] }
